i:-1:-1=-2147483648,-1,1,1073741824,-2147483648
i:-1:0=-1,-1,-1,2147483647,-1
i:-1:1=-2,-1,2147483647,2147483647,-2
i:-1:31=-2147483648,-1,1,1073741824,-2147483648
i:-1:32=-1,-1,-1,2147483647,-1
i:-1:63=-2147483648,-1,1,1073741824,-2147483648
i:1:-1=-2147483648,0,0,1073741824,-2147483648
i:1:0=1,1,1,0,1
i:1:1=2,0,0,1,2
i:1:31=-2147483648,0,0,1073741824,-2147483648
i:1:32=1,1,1,0,1
i:1:63=-2147483648,0,0,1073741824,-2147483648
i:-2147483648:-1=0,-1,1,0,0
i:-2147483648:0=-2147483648,-2147483648,-2147483648,1073741824,-2147483648
i:-2147483648:1=0,-1073741824,1073741824,0,0
i:-2147483648:31=0,-1,1,0,0
i:-2147483648:32=-2147483648,-2147483648,-2147483648,1073741824,-2147483648
i:-2147483648:63=0,-1,1,0,0
i:2147483647:-1=-2147483648,0,0,1073741824,-2147483648
i:2147483647:0=2147483647,2147483647,2147483647,1073741823,2147483647
i:2147483647:1=-2,1073741823,1073741823,2147483647,-2
i:2147483647:31=-2147483648,0,0,1073741824,-2147483648
i:2147483647:32=2147483647,2147483647,2147483647,1073741823,2147483647
i:2147483647:63=-2147483648,0,0,1073741824,-2147483648
l:-1:-1=-9223372036854775808,-1,1
l:-1:0=-1,-1,-1
l:-1:1=-2,-1,9223372036854775807
l:-1:31=-2147483648,-1,8589934591
l:-1:32=-4294967296,-1,4294967295
l:-1:63=-9223372036854775808,-1,1
l:1:-1=-9223372036854775808,0,0
l:1:0=1,1,1
l:1:1=2,0,0
l:1:31=2147483648,0,0
l:1:32=4294967296,0,0
l:1:63=-9223372036854775808,0,0
l:-9223372036854775808:-1=0,-1,1
l:-9223372036854775808:0=-9223372036854775808,-9223372036854775808,-9223372036854775808
l:-9223372036854775808:1=0,-4611686018427387904,4611686018427387904
l:-9223372036854775808:31=0,-4294967296,4294967296
l:-9223372036854775808:32=0,-2147483648,2147483648
l:-9223372036854775808:63=0,-1,1
l:9223372036854775807:-1=-9223372036854775808,0,0
l:9223372036854775807:0=9223372036854775807,9223372036854775807,9223372036854775807
l:9223372036854775807:1=-2,4611686018427387903,4611686018427387903
l:9223372036854775807:31=-2147483648,4294967295,4294967295
l:9223372036854775807:32=-4294967296,2147483647,2147483647
l:9223372036854775807:63=-9223372036854775808,0,0
s:-32768=-262144
s:-1=-8
s:0=0
s:1=8
s:32767=262136
c:0=0
c:1=0
c:65535=8191
