scope	exit_code	command
versions/jarde-cli	0	/private/tmp/jarde-generic-calls-candidate-v8-cli --version
versions/jadx-cli	0	/Users/lordcasser/workspace/testzone/jadx/jadx-cli/build/install/jadx/bin/jadx --version
jdk8/versions/java	0	/Library/Java/JavaVirtualMachines/corretto-1.8.0_432/Contents/Home/bin/java -version
jdk8/versions/javac	0	/Library/Java/JavaVirtualMachines/corretto-1.8.0_432/Contents/Home/bin/javac -version
jdk8/debug/RawParam/jar-contents	0	/Library/Java/JavaVirtualMachines/corretto-1.8.0_432/Contents/Home/bin/jar tf /Users/lordcasser/workspace/projects/jarde/openspec/evidence/raw-receiver-field-selection-2026-10-09/jdk8/debug/input/RawParam.jar
jdk8/debug/RawParam/original-javac	0	/Library/Java/JavaVirtualMachines/corretto-1.8.0_432/Contents/Home/bin/javac -source 8 -target 8 -g -classpath /var/folders/gm/lzn3ylzx4lz7mx29lftngdz40000gn/T/jarde-raw-receiver-replay-z5hpp9fs/empty-classpath -sourcepath /var/folders/gm/lzn3ylzx4lz7mx29lftngdz40000gn/T/jarde-raw-receiver-replay-z5hpp9fs/empty-sourcepath -d /var/folders/gm/lzn3ylzx4lz7mx29lftngdz40000gn/T/jarde-raw-receiver-replay-z5hpp9fs/original /Users/lordcasser/workspace/projects/jarde/openspec/evidence/raw-receiver-field-selection-2026-10-09/source/RawParam.java
jdk8/debug/RawParam/javap	0	/Library/Java/JavaVirtualMachines/corretto-1.8.0_432/Contents/Home/bin/javap -p -c -s -v -classpath /Users/lordcasser/workspace/projects/jarde/openspec/evidence/raw-receiver-field-selection-2026-10-09/jdk8/debug/input/RawParam.jar RawParam
jdk8/debug/RawParam/original-probe-javac	0	/Library/Java/JavaVirtualMachines/corretto-1.8.0_432/Contents/Home/bin/javac -source 8 -target 8 -g -classpath /var/folders/gm/lzn3ylzx4lz7mx29lftngdz40000gn/T/jarde-raw-receiver-replay-z5hpp9fs/empty-classpath -sourcepath /var/folders/gm/lzn3ylzx4lz7mx29lftngdz40000gn/T/jarde-raw-receiver-replay-z5hpp9fs/empty-sourcepath -d /var/folders/gm/lzn3ylzx4lz7mx29lftngdz40000gn/T/jarde-raw-receiver-replay-z5hpp9fs/original-probe /Users/lordcasser/workspace/projects/jarde/openspec/evidence/raw-receiver-field-selection-2026-10-09/source/ReceiverProbe.java
jdk8/debug/RawParam/original-run	0	/Library/Java/JavaVirtualMachines/corretto-1.8.0_432/Contents/Home/bin/java -Xverify:all -cp /var/folders/gm/lzn3ylzx4lz7mx29lftngdz40000gn/T/jarde-raw-receiver-replay-z5hpp9fs/original:/var/folders/gm/lzn3ylzx4lz7mx29lftngdz40000gn/T/jarde-raw-receiver-replay-z5hpp9fs/original-probe ReceiverProbe RawParam
jdk8/debug/RawParam/jarde-RawParam	0	/private/tmp/jarde-generic-calls-candidate-v8-cli class-source --input /Users/lordcasser/workspace/projects/jarde/openspec/evidence/raw-receiver-field-selection-2026-10-09/jdk8/debug/input/RawParam.jar --class RawParam --policy plain-jar --release 8 --format text
jdk8/debug/RawParam/jarde-RawParam-source-header	0	nonempty self-describing source
jdk8/debug/RawParam/jarde-javac	0	/Library/Java/JavaVirtualMachines/corretto-1.8.0_432/Contents/Home/bin/javac -source 8 -target 8 -g -classpath /var/folders/gm/lzn3ylzx4lz7mx29lftngdz40000gn/T/jarde-raw-receiver-replay-z5hpp9fs/empty-classpath -sourcepath /var/folders/gm/lzn3ylzx4lz7mx29lftngdz40000gn/T/jarde-raw-receiver-replay-z5hpp9fs/empty-sourcepath -d /var/folders/gm/lzn3ylzx4lz7mx29lftngdz40000gn/T/jarde-raw-receiver-replay-z5hpp9fs/jarde-classes /Users/lordcasser/workspace/projects/jarde/openspec/changes/recover-same-class-generic-call-consumers/results/candidate/gc09-raw-64-candidate-v8/jdk8/debug/jarde/RawParam.java /Users/lordcasser/workspace/projects/jarde/openspec/evidence/raw-receiver-field-selection-2026-10-09/source/ReceiverProbe.java
jdk8/debug/RawParam/jarde-verify-run	0	/Library/Java/JavaVirtualMachines/corretto-1.8.0_432/Contents/Home/bin/java -Xverify:all -cp /var/folders/gm/lzn3ylzx4lz7mx29lftngdz40000gn/T/jarde-raw-receiver-replay-z5hpp9fs/jarde-classes ReceiverProbe RawParam
jdk8/debug/RawParam/jadx	0	/Users/lordcasser/workspace/testzone/jadx/jadx-cli/build/install/jadx/bin/jadx --no-res --single-class RawParam -d /Users/lordcasser/workspace/projects/jarde/openspec/changes/recover-same-class-generic-call-consumers/results/candidate/gc09-raw-64-candidate-v8/jdk8/debug/jadx/RawParam /Users/lordcasser/workspace/projects/jarde/openspec/evidence/raw-receiver-field-selection-2026-10-09/jdk8/debug/input/RawParam.jar
jdk8/debug/RawParam/jadx-source-header	0	nonempty class source
jdk8/debug/RawParam/jadx-javac	0	/Library/Java/JavaVirtualMachines/corretto-1.8.0_432/Contents/Home/bin/javac -source 8 -target 8 -g -classpath /var/folders/gm/lzn3ylzx4lz7mx29lftngdz40000gn/T/jarde-raw-receiver-replay-z5hpp9fs/empty-classpath -sourcepath /var/folders/gm/lzn3ylzx4lz7mx29lftngdz40000gn/T/jarde-raw-receiver-replay-z5hpp9fs/empty-sourcepath -d /var/folders/gm/lzn3ylzx4lz7mx29lftngdz40000gn/T/jarde-raw-receiver-replay-z5hpp9fs/jadx-classes /Users/lordcasser/workspace/projects/jarde/openspec/changes/recover-same-class-generic-call-consumers/results/candidate/gc09-raw-64-candidate-v8/jdk8/debug/jadx/RawParam/sources/defpackage/RawParam.java /Users/lordcasser/workspace/projects/jarde/openspec/evidence/raw-receiver-field-selection-2026-10-09/source/ReceiverProbe.java
jdk8/debug/RawParam/jadx-verify-run	0	/Library/Java/JavaVirtualMachines/corretto-1.8.0_432/Contents/Home/bin/java -Xverify:all -cp /var/folders/gm/lzn3ylzx4lz7mx29lftngdz40000gn/T/jarde-raw-receiver-replay-z5hpp9fs/jadx-classes ReceiverProbe defpackage.RawParam
jdk8/no-debug/RawParam/jar-contents	0	/Library/Java/JavaVirtualMachines/corretto-1.8.0_432/Contents/Home/bin/jar tf /Users/lordcasser/workspace/projects/jarde/openspec/evidence/raw-receiver-field-selection-2026-10-09/jdk8/no-debug/input/RawParam.jar
jdk8/no-debug/RawParam/original-javac	0	/Library/Java/JavaVirtualMachines/corretto-1.8.0_432/Contents/Home/bin/javac -source 8 -target 8 -g:none -classpath /var/folders/gm/lzn3ylzx4lz7mx29lftngdz40000gn/T/jarde-raw-receiver-replay-_hg4_5dc/empty-classpath -sourcepath /var/folders/gm/lzn3ylzx4lz7mx29lftngdz40000gn/T/jarde-raw-receiver-replay-_hg4_5dc/empty-sourcepath -d /var/folders/gm/lzn3ylzx4lz7mx29lftngdz40000gn/T/jarde-raw-receiver-replay-_hg4_5dc/original /Users/lordcasser/workspace/projects/jarde/openspec/evidence/raw-receiver-field-selection-2026-10-09/source/RawParam.java
jdk8/no-debug/RawParam/javap	0	/Library/Java/JavaVirtualMachines/corretto-1.8.0_432/Contents/Home/bin/javap -p -c -s -v -classpath /Users/lordcasser/workspace/projects/jarde/openspec/evidence/raw-receiver-field-selection-2026-10-09/jdk8/no-debug/input/RawParam.jar RawParam
jdk8/no-debug/RawParam/original-probe-javac	0	/Library/Java/JavaVirtualMachines/corretto-1.8.0_432/Contents/Home/bin/javac -source 8 -target 8 -g:none -classpath /var/folders/gm/lzn3ylzx4lz7mx29lftngdz40000gn/T/jarde-raw-receiver-replay-_hg4_5dc/empty-classpath -sourcepath /var/folders/gm/lzn3ylzx4lz7mx29lftngdz40000gn/T/jarde-raw-receiver-replay-_hg4_5dc/empty-sourcepath -d /var/folders/gm/lzn3ylzx4lz7mx29lftngdz40000gn/T/jarde-raw-receiver-replay-_hg4_5dc/original-probe /Users/lordcasser/workspace/projects/jarde/openspec/evidence/raw-receiver-field-selection-2026-10-09/source/ReceiverProbe.java
jdk8/no-debug/RawParam/original-run	0	/Library/Java/JavaVirtualMachines/corretto-1.8.0_432/Contents/Home/bin/java -Xverify:all -cp /var/folders/gm/lzn3ylzx4lz7mx29lftngdz40000gn/T/jarde-raw-receiver-replay-_hg4_5dc/original:/var/folders/gm/lzn3ylzx4lz7mx29lftngdz40000gn/T/jarde-raw-receiver-replay-_hg4_5dc/original-probe ReceiverProbe RawParam
jdk8/no-debug/RawParam/jarde-RawParam	0	/private/tmp/jarde-generic-calls-candidate-v8-cli class-source --input /Users/lordcasser/workspace/projects/jarde/openspec/evidence/raw-receiver-field-selection-2026-10-09/jdk8/no-debug/input/RawParam.jar --class RawParam --policy plain-jar --release 8 --format text
jdk8/no-debug/RawParam/jarde-RawParam-source-header	0	nonempty self-describing source
jdk8/no-debug/RawParam/jarde-javac	0	/Library/Java/JavaVirtualMachines/corretto-1.8.0_432/Contents/Home/bin/javac -source 8 -target 8 -g:none -classpath /var/folders/gm/lzn3ylzx4lz7mx29lftngdz40000gn/T/jarde-raw-receiver-replay-_hg4_5dc/empty-classpath -sourcepath /var/folders/gm/lzn3ylzx4lz7mx29lftngdz40000gn/T/jarde-raw-receiver-replay-_hg4_5dc/empty-sourcepath -d /var/folders/gm/lzn3ylzx4lz7mx29lftngdz40000gn/T/jarde-raw-receiver-replay-_hg4_5dc/jarde-classes /Users/lordcasser/workspace/projects/jarde/openspec/changes/recover-same-class-generic-call-consumers/results/candidate/gc09-raw-64-candidate-v8/jdk8/no-debug/jarde/RawParam.java /Users/lordcasser/workspace/projects/jarde/openspec/evidence/raw-receiver-field-selection-2026-10-09/source/ReceiverProbe.java
jdk8/no-debug/RawParam/jarde-verify-run	0	/Library/Java/JavaVirtualMachines/corretto-1.8.0_432/Contents/Home/bin/java -Xverify:all -cp /var/folders/gm/lzn3ylzx4lz7mx29lftngdz40000gn/T/jarde-raw-receiver-replay-_hg4_5dc/jarde-classes ReceiverProbe RawParam
jdk8/no-debug/RawParam/jadx	0	/Users/lordcasser/workspace/testzone/jadx/jadx-cli/build/install/jadx/bin/jadx --no-res --single-class RawParam -d /Users/lordcasser/workspace/projects/jarde/openspec/changes/recover-same-class-generic-call-consumers/results/candidate/gc09-raw-64-candidate-v8/jdk8/no-debug/jadx/RawParam /Users/lordcasser/workspace/projects/jarde/openspec/evidence/raw-receiver-field-selection-2026-10-09/jdk8/no-debug/input/RawParam.jar
jdk8/no-debug/RawParam/jadx-source-header	0	nonempty class source
jdk8/no-debug/RawParam/jadx-javac	0	/Library/Java/JavaVirtualMachines/corretto-1.8.0_432/Contents/Home/bin/javac -source 8 -target 8 -g:none -classpath /var/folders/gm/lzn3ylzx4lz7mx29lftngdz40000gn/T/jarde-raw-receiver-replay-_hg4_5dc/empty-classpath -sourcepath /var/folders/gm/lzn3ylzx4lz7mx29lftngdz40000gn/T/jarde-raw-receiver-replay-_hg4_5dc/empty-sourcepath -d /var/folders/gm/lzn3ylzx4lz7mx29lftngdz40000gn/T/jarde-raw-receiver-replay-_hg4_5dc/jadx-classes /Users/lordcasser/workspace/projects/jarde/openspec/changes/recover-same-class-generic-call-consumers/results/candidate/gc09-raw-64-candidate-v8/jdk8/no-debug/jadx/RawParam/sources/defpackage/RawParam.java /Users/lordcasser/workspace/projects/jarde/openspec/evidence/raw-receiver-field-selection-2026-10-09/source/ReceiverProbe.java
jdk8/no-debug/RawParam/jadx-verify-run	0	/Library/Java/JavaVirtualMachines/corretto-1.8.0_432/Contents/Home/bin/java -Xverify:all -cp /var/folders/gm/lzn3ylzx4lz7mx29lftngdz40000gn/T/jarde-raw-receiver-replay-_hg4_5dc/jadx-classes ReceiverProbe defpackage.RawParam
jdk8/debug/StaticRawLocal/jar-contents	0	/Library/Java/JavaVirtualMachines/corretto-1.8.0_432/Contents/Home/bin/jar tf /Users/lordcasser/workspace/projects/jarde/openspec/evidence/raw-receiver-field-selection-2026-10-09/jdk8/debug/input/StaticRawLocal.jar
jdk8/debug/StaticRawLocal/original-javac	0	/Library/Java/JavaVirtualMachines/corretto-1.8.0_432/Contents/Home/bin/javac -source 8 -target 8 -g -classpath /var/folders/gm/lzn3ylzx4lz7mx29lftngdz40000gn/T/jarde-raw-receiver-replay-ag8ppbeo/empty-classpath -sourcepath /var/folders/gm/lzn3ylzx4lz7mx29lftngdz40000gn/T/jarde-raw-receiver-replay-ag8ppbeo/empty-sourcepath -d /var/folders/gm/lzn3ylzx4lz7mx29lftngdz40000gn/T/jarde-raw-receiver-replay-ag8ppbeo/original /Users/lordcasser/workspace/projects/jarde/openspec/evidence/raw-receiver-field-selection-2026-10-09/source/StaticRawLocal.java
jdk8/debug/StaticRawLocal/javap	0	/Library/Java/JavaVirtualMachines/corretto-1.8.0_432/Contents/Home/bin/javap -p -c -s -v -classpath /Users/lordcasser/workspace/projects/jarde/openspec/evidence/raw-receiver-field-selection-2026-10-09/jdk8/debug/input/StaticRawLocal.jar StaticRawLocal
jdk8/debug/StaticRawLocal/original-probe-javac	0	/Library/Java/JavaVirtualMachines/corretto-1.8.0_432/Contents/Home/bin/javac -source 8 -target 8 -g -classpath /var/folders/gm/lzn3ylzx4lz7mx29lftngdz40000gn/T/jarde-raw-receiver-replay-ag8ppbeo/empty-classpath -sourcepath /var/folders/gm/lzn3ylzx4lz7mx29lftngdz40000gn/T/jarde-raw-receiver-replay-ag8ppbeo/empty-sourcepath -d /var/folders/gm/lzn3ylzx4lz7mx29lftngdz40000gn/T/jarde-raw-receiver-replay-ag8ppbeo/original-probe /Users/lordcasser/workspace/projects/jarde/openspec/evidence/raw-receiver-field-selection-2026-10-09/source/ReceiverProbe.java
jdk8/debug/StaticRawLocal/original-run	0	/Library/Java/JavaVirtualMachines/corretto-1.8.0_432/Contents/Home/bin/java -Xverify:all -cp /var/folders/gm/lzn3ylzx4lz7mx29lftngdz40000gn/T/jarde-raw-receiver-replay-ag8ppbeo/original:/var/folders/gm/lzn3ylzx4lz7mx29lftngdz40000gn/T/jarde-raw-receiver-replay-ag8ppbeo/original-probe ReceiverProbe StaticRawLocal
jdk8/debug/StaticRawLocal/jarde-StaticRawLocal	0	/private/tmp/jarde-generic-calls-candidate-v8-cli class-source --input /Users/lordcasser/workspace/projects/jarde/openspec/evidence/raw-receiver-field-selection-2026-10-09/jdk8/debug/input/StaticRawLocal.jar --class StaticRawLocal --policy plain-jar --release 8 --format text
jdk8/debug/StaticRawLocal/jarde-StaticRawLocal-source-header	0	nonempty self-describing source
jdk8/debug/StaticRawLocal/jarde-javac	0	/Library/Java/JavaVirtualMachines/corretto-1.8.0_432/Contents/Home/bin/javac -source 8 -target 8 -g -classpath /var/folders/gm/lzn3ylzx4lz7mx29lftngdz40000gn/T/jarde-raw-receiver-replay-ag8ppbeo/empty-classpath -sourcepath /var/folders/gm/lzn3ylzx4lz7mx29lftngdz40000gn/T/jarde-raw-receiver-replay-ag8ppbeo/empty-sourcepath -d /var/folders/gm/lzn3ylzx4lz7mx29lftngdz40000gn/T/jarde-raw-receiver-replay-ag8ppbeo/jarde-classes /Users/lordcasser/workspace/projects/jarde/openspec/changes/recover-same-class-generic-call-consumers/results/candidate/gc09-raw-64-candidate-v8/jdk8/debug/jarde/StaticRawLocal.java /Users/lordcasser/workspace/projects/jarde/openspec/evidence/raw-receiver-field-selection-2026-10-09/source/ReceiverProbe.java
jdk8/debug/StaticRawLocal/jarde-verify-run	0	/Library/Java/JavaVirtualMachines/corretto-1.8.0_432/Contents/Home/bin/java -Xverify:all -cp /var/folders/gm/lzn3ylzx4lz7mx29lftngdz40000gn/T/jarde-raw-receiver-replay-ag8ppbeo/jarde-classes ReceiverProbe StaticRawLocal
jdk8/debug/StaticRawLocal/jadx	0	/Users/lordcasser/workspace/testzone/jadx/jadx-cli/build/install/jadx/bin/jadx --no-res --single-class StaticRawLocal -d /Users/lordcasser/workspace/projects/jarde/openspec/changes/recover-same-class-generic-call-consumers/results/candidate/gc09-raw-64-candidate-v8/jdk8/debug/jadx/StaticRawLocal /Users/lordcasser/workspace/projects/jarde/openspec/evidence/raw-receiver-field-selection-2026-10-09/jdk8/debug/input/StaticRawLocal.jar
jdk8/debug/StaticRawLocal/jadx-source-header	0	nonempty class source
jdk8/debug/StaticRawLocal/jadx-javac	0	/Library/Java/JavaVirtualMachines/corretto-1.8.0_432/Contents/Home/bin/javac -source 8 -target 8 -g -classpath /var/folders/gm/lzn3ylzx4lz7mx29lftngdz40000gn/T/jarde-raw-receiver-replay-ag8ppbeo/empty-classpath -sourcepath /var/folders/gm/lzn3ylzx4lz7mx29lftngdz40000gn/T/jarde-raw-receiver-replay-ag8ppbeo/empty-sourcepath -d /var/folders/gm/lzn3ylzx4lz7mx29lftngdz40000gn/T/jarde-raw-receiver-replay-ag8ppbeo/jadx-classes /Users/lordcasser/workspace/projects/jarde/openspec/changes/recover-same-class-generic-call-consumers/results/candidate/gc09-raw-64-candidate-v8/jdk8/debug/jadx/StaticRawLocal/sources/defpackage/StaticRawLocal.java /Users/lordcasser/workspace/projects/jarde/openspec/evidence/raw-receiver-field-selection-2026-10-09/source/ReceiverProbe.java
jdk8/debug/StaticRawLocal/jadx-verify-run	0	/Library/Java/JavaVirtualMachines/corretto-1.8.0_432/Contents/Home/bin/java -Xverify:all -cp /var/folders/gm/lzn3ylzx4lz7mx29lftngdz40000gn/T/jarde-raw-receiver-replay-ag8ppbeo/jadx-classes ReceiverProbe defpackage.StaticRawLocal
jdk8/no-debug/StaticRawLocal/jar-contents	0	/Library/Java/JavaVirtualMachines/corretto-1.8.0_432/Contents/Home/bin/jar tf /Users/lordcasser/workspace/projects/jarde/openspec/evidence/raw-receiver-field-selection-2026-10-09/jdk8/no-debug/input/StaticRawLocal.jar
jdk8/no-debug/StaticRawLocal/original-javac	0	/Library/Java/JavaVirtualMachines/corretto-1.8.0_432/Contents/Home/bin/javac -source 8 -target 8 -g:none -classpath /var/folders/gm/lzn3ylzx4lz7mx29lftngdz40000gn/T/jarde-raw-receiver-replay-77ld4c8x/empty-classpath -sourcepath /var/folders/gm/lzn3ylzx4lz7mx29lftngdz40000gn/T/jarde-raw-receiver-replay-77ld4c8x/empty-sourcepath -d /var/folders/gm/lzn3ylzx4lz7mx29lftngdz40000gn/T/jarde-raw-receiver-replay-77ld4c8x/original /Users/lordcasser/workspace/projects/jarde/openspec/evidence/raw-receiver-field-selection-2026-10-09/source/StaticRawLocal.java
jdk8/no-debug/StaticRawLocal/javap	0	/Library/Java/JavaVirtualMachines/corretto-1.8.0_432/Contents/Home/bin/javap -p -c -s -v -classpath /Users/lordcasser/workspace/projects/jarde/openspec/evidence/raw-receiver-field-selection-2026-10-09/jdk8/no-debug/input/StaticRawLocal.jar StaticRawLocal
jdk8/no-debug/StaticRawLocal/original-probe-javac	0	/Library/Java/JavaVirtualMachines/corretto-1.8.0_432/Contents/Home/bin/javac -source 8 -target 8 -g:none -classpath /var/folders/gm/lzn3ylzx4lz7mx29lftngdz40000gn/T/jarde-raw-receiver-replay-77ld4c8x/empty-classpath -sourcepath /var/folders/gm/lzn3ylzx4lz7mx29lftngdz40000gn/T/jarde-raw-receiver-replay-77ld4c8x/empty-sourcepath -d /var/folders/gm/lzn3ylzx4lz7mx29lftngdz40000gn/T/jarde-raw-receiver-replay-77ld4c8x/original-probe /Users/lordcasser/workspace/projects/jarde/openspec/evidence/raw-receiver-field-selection-2026-10-09/source/ReceiverProbe.java
jdk8/no-debug/StaticRawLocal/original-run	0	/Library/Java/JavaVirtualMachines/corretto-1.8.0_432/Contents/Home/bin/java -Xverify:all -cp /var/folders/gm/lzn3ylzx4lz7mx29lftngdz40000gn/T/jarde-raw-receiver-replay-77ld4c8x/original:/var/folders/gm/lzn3ylzx4lz7mx29lftngdz40000gn/T/jarde-raw-receiver-replay-77ld4c8x/original-probe ReceiverProbe StaticRawLocal
jdk8/no-debug/StaticRawLocal/jarde-StaticRawLocal	0	/private/tmp/jarde-generic-calls-candidate-v8-cli class-source --input /Users/lordcasser/workspace/projects/jarde/openspec/evidence/raw-receiver-field-selection-2026-10-09/jdk8/no-debug/input/StaticRawLocal.jar --class StaticRawLocal --policy plain-jar --release 8 --format text
jdk8/no-debug/StaticRawLocal/jarde-StaticRawLocal-source-header	0	nonempty self-describing source
jdk8/no-debug/StaticRawLocal/jarde-javac	0	/Library/Java/JavaVirtualMachines/corretto-1.8.0_432/Contents/Home/bin/javac -source 8 -target 8 -g:none -classpath /var/folders/gm/lzn3ylzx4lz7mx29lftngdz40000gn/T/jarde-raw-receiver-replay-77ld4c8x/empty-classpath -sourcepath /var/folders/gm/lzn3ylzx4lz7mx29lftngdz40000gn/T/jarde-raw-receiver-replay-77ld4c8x/empty-sourcepath -d /var/folders/gm/lzn3ylzx4lz7mx29lftngdz40000gn/T/jarde-raw-receiver-replay-77ld4c8x/jarde-classes /Users/lordcasser/workspace/projects/jarde/openspec/changes/recover-same-class-generic-call-consumers/results/candidate/gc09-raw-64-candidate-v8/jdk8/no-debug/jarde/StaticRawLocal.java /Users/lordcasser/workspace/projects/jarde/openspec/evidence/raw-receiver-field-selection-2026-10-09/source/ReceiverProbe.java
jdk8/no-debug/StaticRawLocal/jarde-verify-run	0	/Library/Java/JavaVirtualMachines/corretto-1.8.0_432/Contents/Home/bin/java -Xverify:all -cp /var/folders/gm/lzn3ylzx4lz7mx29lftngdz40000gn/T/jarde-raw-receiver-replay-77ld4c8x/jarde-classes ReceiverProbe StaticRawLocal
jdk8/no-debug/StaticRawLocal/jadx	0	/Users/lordcasser/workspace/testzone/jadx/jadx-cli/build/install/jadx/bin/jadx --no-res --single-class StaticRawLocal -d /Users/lordcasser/workspace/projects/jarde/openspec/changes/recover-same-class-generic-call-consumers/results/candidate/gc09-raw-64-candidate-v8/jdk8/no-debug/jadx/StaticRawLocal /Users/lordcasser/workspace/projects/jarde/openspec/evidence/raw-receiver-field-selection-2026-10-09/jdk8/no-debug/input/StaticRawLocal.jar
jdk8/no-debug/StaticRawLocal/jadx-source-header	0	nonempty class source
jdk8/no-debug/StaticRawLocal/jadx-javac	0	/Library/Java/JavaVirtualMachines/corretto-1.8.0_432/Contents/Home/bin/javac -source 8 -target 8 -g:none -classpath /var/folders/gm/lzn3ylzx4lz7mx29lftngdz40000gn/T/jarde-raw-receiver-replay-77ld4c8x/empty-classpath -sourcepath /var/folders/gm/lzn3ylzx4lz7mx29lftngdz40000gn/T/jarde-raw-receiver-replay-77ld4c8x/empty-sourcepath -d /var/folders/gm/lzn3ylzx4lz7mx29lftngdz40000gn/T/jarde-raw-receiver-replay-77ld4c8x/jadx-classes /Users/lordcasser/workspace/projects/jarde/openspec/changes/recover-same-class-generic-call-consumers/results/candidate/gc09-raw-64-candidate-v8/jdk8/no-debug/jadx/StaticRawLocal/sources/defpackage/StaticRawLocal.java /Users/lordcasser/workspace/projects/jarde/openspec/evidence/raw-receiver-field-selection-2026-10-09/source/ReceiverProbe.java
jdk8/no-debug/StaticRawLocal/jadx-verify-run	0	/Library/Java/JavaVirtualMachines/corretto-1.8.0_432/Contents/Home/bin/java -Xverify:all -cp /var/folders/gm/lzn3ylzx4lz7mx29lftngdz40000gn/T/jarde-raw-receiver-replay-77ld4c8x/jadx-classes ReceiverProbe defpackage.StaticRawLocal
jdk8/debug/InstanceRawLocal/jar-contents	0	/Library/Java/JavaVirtualMachines/corretto-1.8.0_432/Contents/Home/bin/jar tf /Users/lordcasser/workspace/projects/jarde/openspec/evidence/raw-receiver-field-selection-2026-10-09/jdk8/debug/input/InstanceRawLocal.jar
jdk8/debug/InstanceRawLocal/original-javac	0	/Library/Java/JavaVirtualMachines/corretto-1.8.0_432/Contents/Home/bin/javac -source 8 -target 8 -g -classpath /var/folders/gm/lzn3ylzx4lz7mx29lftngdz40000gn/T/jarde-raw-receiver-replay-zsy3g3_0/empty-classpath -sourcepath /var/folders/gm/lzn3ylzx4lz7mx29lftngdz40000gn/T/jarde-raw-receiver-replay-zsy3g3_0/empty-sourcepath -d /var/folders/gm/lzn3ylzx4lz7mx29lftngdz40000gn/T/jarde-raw-receiver-replay-zsy3g3_0/original /Users/lordcasser/workspace/projects/jarde/openspec/evidence/raw-receiver-field-selection-2026-10-09/source/InstanceRawLocal.java
jdk8/debug/InstanceRawLocal/javap	0	/Library/Java/JavaVirtualMachines/corretto-1.8.0_432/Contents/Home/bin/javap -p -c -s -v -classpath /Users/lordcasser/workspace/projects/jarde/openspec/evidence/raw-receiver-field-selection-2026-10-09/jdk8/debug/input/InstanceRawLocal.jar InstanceRawLocal
jdk8/debug/InstanceRawLocal/original-probe-javac	0	/Library/Java/JavaVirtualMachines/corretto-1.8.0_432/Contents/Home/bin/javac -source 8 -target 8 -g -classpath /var/folders/gm/lzn3ylzx4lz7mx29lftngdz40000gn/T/jarde-raw-receiver-replay-zsy3g3_0/empty-classpath -sourcepath /var/folders/gm/lzn3ylzx4lz7mx29lftngdz40000gn/T/jarde-raw-receiver-replay-zsy3g3_0/empty-sourcepath -d /var/folders/gm/lzn3ylzx4lz7mx29lftngdz40000gn/T/jarde-raw-receiver-replay-zsy3g3_0/original-probe /Users/lordcasser/workspace/projects/jarde/openspec/evidence/raw-receiver-field-selection-2026-10-09/source/ReceiverProbe.java
jdk8/debug/InstanceRawLocal/original-run	0	/Library/Java/JavaVirtualMachines/corretto-1.8.0_432/Contents/Home/bin/java -Xverify:all -cp /var/folders/gm/lzn3ylzx4lz7mx29lftngdz40000gn/T/jarde-raw-receiver-replay-zsy3g3_0/original:/var/folders/gm/lzn3ylzx4lz7mx29lftngdz40000gn/T/jarde-raw-receiver-replay-zsy3g3_0/original-probe ReceiverProbe InstanceRawLocal
jdk8/debug/InstanceRawLocal/jarde-InstanceRawLocal	0	/private/tmp/jarde-generic-calls-candidate-v8-cli class-source --input /Users/lordcasser/workspace/projects/jarde/openspec/evidence/raw-receiver-field-selection-2026-10-09/jdk8/debug/input/InstanceRawLocal.jar --class InstanceRawLocal --policy plain-jar --release 8 --format text
jdk8/debug/InstanceRawLocal/jarde-InstanceRawLocal-source-header	0	nonempty self-describing source
jdk8/debug/InstanceRawLocal/jarde-javac	0	/Library/Java/JavaVirtualMachines/corretto-1.8.0_432/Contents/Home/bin/javac -source 8 -target 8 -g -classpath /var/folders/gm/lzn3ylzx4lz7mx29lftngdz40000gn/T/jarde-raw-receiver-replay-zsy3g3_0/empty-classpath -sourcepath /var/folders/gm/lzn3ylzx4lz7mx29lftngdz40000gn/T/jarde-raw-receiver-replay-zsy3g3_0/empty-sourcepath -d /var/folders/gm/lzn3ylzx4lz7mx29lftngdz40000gn/T/jarde-raw-receiver-replay-zsy3g3_0/jarde-classes /Users/lordcasser/workspace/projects/jarde/openspec/changes/recover-same-class-generic-call-consumers/results/candidate/gc09-raw-64-candidate-v8/jdk8/debug/jarde/InstanceRawLocal.java /Users/lordcasser/workspace/projects/jarde/openspec/evidence/raw-receiver-field-selection-2026-10-09/source/ReceiverProbe.java
jdk8/debug/InstanceRawLocal/jarde-verify-run	0	/Library/Java/JavaVirtualMachines/corretto-1.8.0_432/Contents/Home/bin/java -Xverify:all -cp /var/folders/gm/lzn3ylzx4lz7mx29lftngdz40000gn/T/jarde-raw-receiver-replay-zsy3g3_0/jarde-classes ReceiverProbe InstanceRawLocal
jdk8/debug/InstanceRawLocal/jadx	0	/Users/lordcasser/workspace/testzone/jadx/jadx-cli/build/install/jadx/bin/jadx --no-res --single-class InstanceRawLocal -d /Users/lordcasser/workspace/projects/jarde/openspec/changes/recover-same-class-generic-call-consumers/results/candidate/gc09-raw-64-candidate-v8/jdk8/debug/jadx/InstanceRawLocal /Users/lordcasser/workspace/projects/jarde/openspec/evidence/raw-receiver-field-selection-2026-10-09/jdk8/debug/input/InstanceRawLocal.jar
jdk8/debug/InstanceRawLocal/jadx-source-header	0	nonempty class source
jdk8/debug/InstanceRawLocal/jadx-javac	1	/Library/Java/JavaVirtualMachines/corretto-1.8.0_432/Contents/Home/bin/javac -source 8 -target 8 -g -classpath /var/folders/gm/lzn3ylzx4lz7mx29lftngdz40000gn/T/jarde-raw-receiver-replay-zsy3g3_0/empty-classpath -sourcepath /var/folders/gm/lzn3ylzx4lz7mx29lftngdz40000gn/T/jarde-raw-receiver-replay-zsy3g3_0/empty-sourcepath -d /var/folders/gm/lzn3ylzx4lz7mx29lftngdz40000gn/T/jarde-raw-receiver-replay-zsy3g3_0/jadx-classes /Users/lordcasser/workspace/projects/jarde/openspec/changes/recover-same-class-generic-call-consumers/results/candidate/gc09-raw-64-candidate-v8/jdk8/debug/jadx/InstanceRawLocal/sources/defpackage/InstanceRawLocal.java /Users/lordcasser/workspace/projects/jarde/openspec/evidence/raw-receiver-field-selection-2026-10-09/source/ReceiverProbe.java
jdk8/no-debug/InstanceRawLocal/jar-contents	0	/Library/Java/JavaVirtualMachines/corretto-1.8.0_432/Contents/Home/bin/jar tf /Users/lordcasser/workspace/projects/jarde/openspec/evidence/raw-receiver-field-selection-2026-10-09/jdk8/no-debug/input/InstanceRawLocal.jar
jdk8/no-debug/InstanceRawLocal/original-javac	0	/Library/Java/JavaVirtualMachines/corretto-1.8.0_432/Contents/Home/bin/javac -source 8 -target 8 -g:none -classpath /var/folders/gm/lzn3ylzx4lz7mx29lftngdz40000gn/T/jarde-raw-receiver-replay-m7f7ngp9/empty-classpath -sourcepath /var/folders/gm/lzn3ylzx4lz7mx29lftngdz40000gn/T/jarde-raw-receiver-replay-m7f7ngp9/empty-sourcepath -d /var/folders/gm/lzn3ylzx4lz7mx29lftngdz40000gn/T/jarde-raw-receiver-replay-m7f7ngp9/original /Users/lordcasser/workspace/projects/jarde/openspec/evidence/raw-receiver-field-selection-2026-10-09/source/InstanceRawLocal.java
jdk8/no-debug/InstanceRawLocal/javap	0	/Library/Java/JavaVirtualMachines/corretto-1.8.0_432/Contents/Home/bin/javap -p -c -s -v -classpath /Users/lordcasser/workspace/projects/jarde/openspec/evidence/raw-receiver-field-selection-2026-10-09/jdk8/no-debug/input/InstanceRawLocal.jar InstanceRawLocal
jdk8/no-debug/InstanceRawLocal/original-probe-javac	0	/Library/Java/JavaVirtualMachines/corretto-1.8.0_432/Contents/Home/bin/javac -source 8 -target 8 -g:none -classpath /var/folders/gm/lzn3ylzx4lz7mx29lftngdz40000gn/T/jarde-raw-receiver-replay-m7f7ngp9/empty-classpath -sourcepath /var/folders/gm/lzn3ylzx4lz7mx29lftngdz40000gn/T/jarde-raw-receiver-replay-m7f7ngp9/empty-sourcepath -d /var/folders/gm/lzn3ylzx4lz7mx29lftngdz40000gn/T/jarde-raw-receiver-replay-m7f7ngp9/original-probe /Users/lordcasser/workspace/projects/jarde/openspec/evidence/raw-receiver-field-selection-2026-10-09/source/ReceiverProbe.java
jdk8/no-debug/InstanceRawLocal/original-run	0	/Library/Java/JavaVirtualMachines/corretto-1.8.0_432/Contents/Home/bin/java -Xverify:all -cp /var/folders/gm/lzn3ylzx4lz7mx29lftngdz40000gn/T/jarde-raw-receiver-replay-m7f7ngp9/original:/var/folders/gm/lzn3ylzx4lz7mx29lftngdz40000gn/T/jarde-raw-receiver-replay-m7f7ngp9/original-probe ReceiverProbe InstanceRawLocal
jdk8/no-debug/InstanceRawLocal/jarde-InstanceRawLocal	0	/private/tmp/jarde-generic-calls-candidate-v8-cli class-source --input /Users/lordcasser/workspace/projects/jarde/openspec/evidence/raw-receiver-field-selection-2026-10-09/jdk8/no-debug/input/InstanceRawLocal.jar --class InstanceRawLocal --policy plain-jar --release 8 --format text
jdk8/no-debug/InstanceRawLocal/jarde-InstanceRawLocal-source-header	0	nonempty self-describing source
jdk8/no-debug/InstanceRawLocal/jarde-javac	0	/Library/Java/JavaVirtualMachines/corretto-1.8.0_432/Contents/Home/bin/javac -source 8 -target 8 -g:none -classpath /var/folders/gm/lzn3ylzx4lz7mx29lftngdz40000gn/T/jarde-raw-receiver-replay-m7f7ngp9/empty-classpath -sourcepath /var/folders/gm/lzn3ylzx4lz7mx29lftngdz40000gn/T/jarde-raw-receiver-replay-m7f7ngp9/empty-sourcepath -d /var/folders/gm/lzn3ylzx4lz7mx29lftngdz40000gn/T/jarde-raw-receiver-replay-m7f7ngp9/jarde-classes /Users/lordcasser/workspace/projects/jarde/openspec/changes/recover-same-class-generic-call-consumers/results/candidate/gc09-raw-64-candidate-v8/jdk8/no-debug/jarde/InstanceRawLocal.java /Users/lordcasser/workspace/projects/jarde/openspec/evidence/raw-receiver-field-selection-2026-10-09/source/ReceiverProbe.java
jdk8/no-debug/InstanceRawLocal/jarde-verify-run	0	/Library/Java/JavaVirtualMachines/corretto-1.8.0_432/Contents/Home/bin/java -Xverify:all -cp /var/folders/gm/lzn3ylzx4lz7mx29lftngdz40000gn/T/jarde-raw-receiver-replay-m7f7ngp9/jarde-classes ReceiverProbe InstanceRawLocal
jdk8/no-debug/InstanceRawLocal/jadx	0	/Users/lordcasser/workspace/testzone/jadx/jadx-cli/build/install/jadx/bin/jadx --no-res --single-class InstanceRawLocal -d /Users/lordcasser/workspace/projects/jarde/openspec/changes/recover-same-class-generic-call-consumers/results/candidate/gc09-raw-64-candidate-v8/jdk8/no-debug/jadx/InstanceRawLocal /Users/lordcasser/workspace/projects/jarde/openspec/evidence/raw-receiver-field-selection-2026-10-09/jdk8/no-debug/input/InstanceRawLocal.jar
jdk8/no-debug/InstanceRawLocal/jadx-source-header	0	nonempty class source
jdk8/no-debug/InstanceRawLocal/jadx-javac	1	/Library/Java/JavaVirtualMachines/corretto-1.8.0_432/Contents/Home/bin/javac -source 8 -target 8 -g:none -classpath /var/folders/gm/lzn3ylzx4lz7mx29lftngdz40000gn/T/jarde-raw-receiver-replay-m7f7ngp9/empty-classpath -sourcepath /var/folders/gm/lzn3ylzx4lz7mx29lftngdz40000gn/T/jarde-raw-receiver-replay-m7f7ngp9/empty-sourcepath -d /var/folders/gm/lzn3ylzx4lz7mx29lftngdz40000gn/T/jarde-raw-receiver-replay-m7f7ngp9/jadx-classes /Users/lordcasser/workspace/projects/jarde/openspec/changes/recover-same-class-generic-call-consumers/results/candidate/gc09-raw-64-candidate-v8/jdk8/no-debug/jadx/InstanceRawLocal/sources/defpackage/InstanceRawLocal.java /Users/lordcasser/workspace/projects/jarde/openspec/evidence/raw-receiver-field-selection-2026-10-09/source/ReceiverProbe.java
jdk8/debug/TypedReceiver/jar-contents	0	/Library/Java/JavaVirtualMachines/corretto-1.8.0_432/Contents/Home/bin/jar tf /Users/lordcasser/workspace/projects/jarde/openspec/evidence/raw-receiver-field-selection-2026-10-09/jdk8/debug/input/TypedReceiver.jar
jdk8/debug/TypedReceiver/original-javac	0	/Library/Java/JavaVirtualMachines/corretto-1.8.0_432/Contents/Home/bin/javac -source 8 -target 8 -g -classpath /var/folders/gm/lzn3ylzx4lz7mx29lftngdz40000gn/T/jarde-raw-receiver-replay-r92_rnni/empty-classpath -sourcepath /var/folders/gm/lzn3ylzx4lz7mx29lftngdz40000gn/T/jarde-raw-receiver-replay-r92_rnni/empty-sourcepath -d /var/folders/gm/lzn3ylzx4lz7mx29lftngdz40000gn/T/jarde-raw-receiver-replay-r92_rnni/original /Users/lordcasser/workspace/projects/jarde/openspec/evidence/raw-receiver-field-selection-2026-10-09/source/TypedReceiver.java
jdk8/debug/TypedReceiver/javap	0	/Library/Java/JavaVirtualMachines/corretto-1.8.0_432/Contents/Home/bin/javap -p -c -s -v -classpath /Users/lordcasser/workspace/projects/jarde/openspec/evidence/raw-receiver-field-selection-2026-10-09/jdk8/debug/input/TypedReceiver.jar TypedReceiver
jdk8/debug/TypedReceiver/original-probe-javac	0	/Library/Java/JavaVirtualMachines/corretto-1.8.0_432/Contents/Home/bin/javac -source 8 -target 8 -g -classpath /var/folders/gm/lzn3ylzx4lz7mx29lftngdz40000gn/T/jarde-raw-receiver-replay-r92_rnni/empty-classpath -sourcepath /var/folders/gm/lzn3ylzx4lz7mx29lftngdz40000gn/T/jarde-raw-receiver-replay-r92_rnni/empty-sourcepath -d /var/folders/gm/lzn3ylzx4lz7mx29lftngdz40000gn/T/jarde-raw-receiver-replay-r92_rnni/original-probe /Users/lordcasser/workspace/projects/jarde/openspec/evidence/raw-receiver-field-selection-2026-10-09/source/ReceiverProbe.java
jdk8/debug/TypedReceiver/original-run	0	/Library/Java/JavaVirtualMachines/corretto-1.8.0_432/Contents/Home/bin/java -Xverify:all -cp /var/folders/gm/lzn3ylzx4lz7mx29lftngdz40000gn/T/jarde-raw-receiver-replay-r92_rnni/original:/var/folders/gm/lzn3ylzx4lz7mx29lftngdz40000gn/T/jarde-raw-receiver-replay-r92_rnni/original-probe ReceiverProbe TypedReceiver
jdk8/debug/TypedReceiver/jarde-TypedReceiver	0	/private/tmp/jarde-generic-calls-candidate-v8-cli class-source --input /Users/lordcasser/workspace/projects/jarde/openspec/evidence/raw-receiver-field-selection-2026-10-09/jdk8/debug/input/TypedReceiver.jar --class TypedReceiver --policy plain-jar --release 8 --format text
jdk8/debug/TypedReceiver/jarde-TypedReceiver-source-header	0	nonempty self-describing source
jdk8/debug/TypedReceiver/jarde-javac	0	/Library/Java/JavaVirtualMachines/corretto-1.8.0_432/Contents/Home/bin/javac -source 8 -target 8 -g -classpath /var/folders/gm/lzn3ylzx4lz7mx29lftngdz40000gn/T/jarde-raw-receiver-replay-r92_rnni/empty-classpath -sourcepath /var/folders/gm/lzn3ylzx4lz7mx29lftngdz40000gn/T/jarde-raw-receiver-replay-r92_rnni/empty-sourcepath -d /var/folders/gm/lzn3ylzx4lz7mx29lftngdz40000gn/T/jarde-raw-receiver-replay-r92_rnni/jarde-classes /Users/lordcasser/workspace/projects/jarde/openspec/changes/recover-same-class-generic-call-consumers/results/candidate/gc09-raw-64-candidate-v8/jdk8/debug/jarde/TypedReceiver.java /Users/lordcasser/workspace/projects/jarde/openspec/evidence/raw-receiver-field-selection-2026-10-09/source/ReceiverProbe.java
jdk8/debug/TypedReceiver/jarde-verify-run	0	/Library/Java/JavaVirtualMachines/corretto-1.8.0_432/Contents/Home/bin/java -Xverify:all -cp /var/folders/gm/lzn3ylzx4lz7mx29lftngdz40000gn/T/jarde-raw-receiver-replay-r92_rnni/jarde-classes ReceiverProbe TypedReceiver
jdk8/debug/TypedReceiver/jadx	0	/Users/lordcasser/workspace/testzone/jadx/jadx-cli/build/install/jadx/bin/jadx --no-res --single-class TypedReceiver -d /Users/lordcasser/workspace/projects/jarde/openspec/changes/recover-same-class-generic-call-consumers/results/candidate/gc09-raw-64-candidate-v8/jdk8/debug/jadx/TypedReceiver /Users/lordcasser/workspace/projects/jarde/openspec/evidence/raw-receiver-field-selection-2026-10-09/jdk8/debug/input/TypedReceiver.jar
jdk8/debug/TypedReceiver/jadx-source-header	0	nonempty class source
jdk8/debug/TypedReceiver/jadx-javac	0	/Library/Java/JavaVirtualMachines/corretto-1.8.0_432/Contents/Home/bin/javac -source 8 -target 8 -g -classpath /var/folders/gm/lzn3ylzx4lz7mx29lftngdz40000gn/T/jarde-raw-receiver-replay-r92_rnni/empty-classpath -sourcepath /var/folders/gm/lzn3ylzx4lz7mx29lftngdz40000gn/T/jarde-raw-receiver-replay-r92_rnni/empty-sourcepath -d /var/folders/gm/lzn3ylzx4lz7mx29lftngdz40000gn/T/jarde-raw-receiver-replay-r92_rnni/jadx-classes /Users/lordcasser/workspace/projects/jarde/openspec/changes/recover-same-class-generic-call-consumers/results/candidate/gc09-raw-64-candidate-v8/jdk8/debug/jadx/TypedReceiver/sources/defpackage/TypedReceiver.java /Users/lordcasser/workspace/projects/jarde/openspec/evidence/raw-receiver-field-selection-2026-10-09/source/ReceiverProbe.java
jdk8/debug/TypedReceiver/jadx-verify-run	0	/Library/Java/JavaVirtualMachines/corretto-1.8.0_432/Contents/Home/bin/java -Xverify:all -cp /var/folders/gm/lzn3ylzx4lz7mx29lftngdz40000gn/T/jarde-raw-receiver-replay-r92_rnni/jadx-classes ReceiverProbe defpackage.TypedReceiver
jdk8/no-debug/TypedReceiver/jar-contents	0	/Library/Java/JavaVirtualMachines/corretto-1.8.0_432/Contents/Home/bin/jar tf /Users/lordcasser/workspace/projects/jarde/openspec/evidence/raw-receiver-field-selection-2026-10-09/jdk8/no-debug/input/TypedReceiver.jar
jdk8/no-debug/TypedReceiver/original-javac	0	/Library/Java/JavaVirtualMachines/corretto-1.8.0_432/Contents/Home/bin/javac -source 8 -target 8 -g:none -classpath /var/folders/gm/lzn3ylzx4lz7mx29lftngdz40000gn/T/jarde-raw-receiver-replay-58bxc_ru/empty-classpath -sourcepath /var/folders/gm/lzn3ylzx4lz7mx29lftngdz40000gn/T/jarde-raw-receiver-replay-58bxc_ru/empty-sourcepath -d /var/folders/gm/lzn3ylzx4lz7mx29lftngdz40000gn/T/jarde-raw-receiver-replay-58bxc_ru/original /Users/lordcasser/workspace/projects/jarde/openspec/evidence/raw-receiver-field-selection-2026-10-09/source/TypedReceiver.java
jdk8/no-debug/TypedReceiver/javap	0	/Library/Java/JavaVirtualMachines/corretto-1.8.0_432/Contents/Home/bin/javap -p -c -s -v -classpath /Users/lordcasser/workspace/projects/jarde/openspec/evidence/raw-receiver-field-selection-2026-10-09/jdk8/no-debug/input/TypedReceiver.jar TypedReceiver
jdk8/no-debug/TypedReceiver/original-probe-javac	0	/Library/Java/JavaVirtualMachines/corretto-1.8.0_432/Contents/Home/bin/javac -source 8 -target 8 -g:none -classpath /var/folders/gm/lzn3ylzx4lz7mx29lftngdz40000gn/T/jarde-raw-receiver-replay-58bxc_ru/empty-classpath -sourcepath /var/folders/gm/lzn3ylzx4lz7mx29lftngdz40000gn/T/jarde-raw-receiver-replay-58bxc_ru/empty-sourcepath -d /var/folders/gm/lzn3ylzx4lz7mx29lftngdz40000gn/T/jarde-raw-receiver-replay-58bxc_ru/original-probe /Users/lordcasser/workspace/projects/jarde/openspec/evidence/raw-receiver-field-selection-2026-10-09/source/ReceiverProbe.java
jdk8/no-debug/TypedReceiver/original-run	0	/Library/Java/JavaVirtualMachines/corretto-1.8.0_432/Contents/Home/bin/java -Xverify:all -cp /var/folders/gm/lzn3ylzx4lz7mx29lftngdz40000gn/T/jarde-raw-receiver-replay-58bxc_ru/original:/var/folders/gm/lzn3ylzx4lz7mx29lftngdz40000gn/T/jarde-raw-receiver-replay-58bxc_ru/original-probe ReceiverProbe TypedReceiver
jdk8/no-debug/TypedReceiver/jarde-TypedReceiver	0	/private/tmp/jarde-generic-calls-candidate-v8-cli class-source --input /Users/lordcasser/workspace/projects/jarde/openspec/evidence/raw-receiver-field-selection-2026-10-09/jdk8/no-debug/input/TypedReceiver.jar --class TypedReceiver --policy plain-jar --release 8 --format text
jdk8/no-debug/TypedReceiver/jarde-TypedReceiver-source-header	0	nonempty self-describing source
jdk8/no-debug/TypedReceiver/jarde-javac	0	/Library/Java/JavaVirtualMachines/corretto-1.8.0_432/Contents/Home/bin/javac -source 8 -target 8 -g:none -classpath /var/folders/gm/lzn3ylzx4lz7mx29lftngdz40000gn/T/jarde-raw-receiver-replay-58bxc_ru/empty-classpath -sourcepath /var/folders/gm/lzn3ylzx4lz7mx29lftngdz40000gn/T/jarde-raw-receiver-replay-58bxc_ru/empty-sourcepath -d /var/folders/gm/lzn3ylzx4lz7mx29lftngdz40000gn/T/jarde-raw-receiver-replay-58bxc_ru/jarde-classes /Users/lordcasser/workspace/projects/jarde/openspec/changes/recover-same-class-generic-call-consumers/results/candidate/gc09-raw-64-candidate-v8/jdk8/no-debug/jarde/TypedReceiver.java /Users/lordcasser/workspace/projects/jarde/openspec/evidence/raw-receiver-field-selection-2026-10-09/source/ReceiverProbe.java
jdk8/no-debug/TypedReceiver/jarde-verify-run	0	/Library/Java/JavaVirtualMachines/corretto-1.8.0_432/Contents/Home/bin/java -Xverify:all -cp /var/folders/gm/lzn3ylzx4lz7mx29lftngdz40000gn/T/jarde-raw-receiver-replay-58bxc_ru/jarde-classes ReceiverProbe TypedReceiver
jdk8/no-debug/TypedReceiver/jadx	0	/Users/lordcasser/workspace/testzone/jadx/jadx-cli/build/install/jadx/bin/jadx --no-res --single-class TypedReceiver -d /Users/lordcasser/workspace/projects/jarde/openspec/changes/recover-same-class-generic-call-consumers/results/candidate/gc09-raw-64-candidate-v8/jdk8/no-debug/jadx/TypedReceiver /Users/lordcasser/workspace/projects/jarde/openspec/evidence/raw-receiver-field-selection-2026-10-09/jdk8/no-debug/input/TypedReceiver.jar
jdk8/no-debug/TypedReceiver/jadx-source-header	0	nonempty class source
jdk8/no-debug/TypedReceiver/jadx-javac	0	/Library/Java/JavaVirtualMachines/corretto-1.8.0_432/Contents/Home/bin/javac -source 8 -target 8 -g:none -classpath /var/folders/gm/lzn3ylzx4lz7mx29lftngdz40000gn/T/jarde-raw-receiver-replay-58bxc_ru/empty-classpath -sourcepath /var/folders/gm/lzn3ylzx4lz7mx29lftngdz40000gn/T/jarde-raw-receiver-replay-58bxc_ru/empty-sourcepath -d /var/folders/gm/lzn3ylzx4lz7mx29lftngdz40000gn/T/jarde-raw-receiver-replay-58bxc_ru/jadx-classes /Users/lordcasser/workspace/projects/jarde/openspec/changes/recover-same-class-generic-call-consumers/results/candidate/gc09-raw-64-candidate-v8/jdk8/no-debug/jadx/TypedReceiver/sources/defpackage/TypedReceiver.java /Users/lordcasser/workspace/projects/jarde/openspec/evidence/raw-receiver-field-selection-2026-10-09/source/ReceiverProbe.java
jdk8/no-debug/TypedReceiver/jadx-verify-run	0	/Library/Java/JavaVirtualMachines/corretto-1.8.0_432/Contents/Home/bin/java -Xverify:all -cp /var/folders/gm/lzn3ylzx4lz7mx29lftngdz40000gn/T/jarde-raw-receiver-replay-58bxc_ru/jadx-classes ReceiverProbe defpackage.TypedReceiver
jdk8/debug/ThisReceiver/jar-contents	0	/Library/Java/JavaVirtualMachines/corretto-1.8.0_432/Contents/Home/bin/jar tf /Users/lordcasser/workspace/projects/jarde/openspec/evidence/raw-receiver-field-selection-2026-10-09/jdk8/debug/input/ThisReceiver.jar
jdk8/debug/ThisReceiver/original-javac	0	/Library/Java/JavaVirtualMachines/corretto-1.8.0_432/Contents/Home/bin/javac -source 8 -target 8 -g -classpath /var/folders/gm/lzn3ylzx4lz7mx29lftngdz40000gn/T/jarde-raw-receiver-replay-2c48mdf6/empty-classpath -sourcepath /var/folders/gm/lzn3ylzx4lz7mx29lftngdz40000gn/T/jarde-raw-receiver-replay-2c48mdf6/empty-sourcepath -d /var/folders/gm/lzn3ylzx4lz7mx29lftngdz40000gn/T/jarde-raw-receiver-replay-2c48mdf6/original /Users/lordcasser/workspace/projects/jarde/openspec/evidence/raw-receiver-field-selection-2026-10-09/source/ThisReceiver.java
jdk8/debug/ThisReceiver/javap	0	/Library/Java/JavaVirtualMachines/corretto-1.8.0_432/Contents/Home/bin/javap -p -c -s -v -classpath /Users/lordcasser/workspace/projects/jarde/openspec/evidence/raw-receiver-field-selection-2026-10-09/jdk8/debug/input/ThisReceiver.jar ThisReceiver
jdk8/debug/ThisReceiver/original-probe-javac	0	/Library/Java/JavaVirtualMachines/corretto-1.8.0_432/Contents/Home/bin/javac -source 8 -target 8 -g -classpath /var/folders/gm/lzn3ylzx4lz7mx29lftngdz40000gn/T/jarde-raw-receiver-replay-2c48mdf6/empty-classpath -sourcepath /var/folders/gm/lzn3ylzx4lz7mx29lftngdz40000gn/T/jarde-raw-receiver-replay-2c48mdf6/empty-sourcepath -d /var/folders/gm/lzn3ylzx4lz7mx29lftngdz40000gn/T/jarde-raw-receiver-replay-2c48mdf6/original-probe /Users/lordcasser/workspace/projects/jarde/openspec/evidence/raw-receiver-field-selection-2026-10-09/source/ReceiverProbe.java
jdk8/debug/ThisReceiver/original-run	0	/Library/Java/JavaVirtualMachines/corretto-1.8.0_432/Contents/Home/bin/java -Xverify:all -cp /var/folders/gm/lzn3ylzx4lz7mx29lftngdz40000gn/T/jarde-raw-receiver-replay-2c48mdf6/original:/var/folders/gm/lzn3ylzx4lz7mx29lftngdz40000gn/T/jarde-raw-receiver-replay-2c48mdf6/original-probe ReceiverProbe ThisReceiver
jdk8/debug/ThisReceiver/jarde-ThisReceiver	0	/private/tmp/jarde-generic-calls-candidate-v8-cli class-source --input /Users/lordcasser/workspace/projects/jarde/openspec/evidence/raw-receiver-field-selection-2026-10-09/jdk8/debug/input/ThisReceiver.jar --class ThisReceiver --policy plain-jar --release 8 --format text
jdk8/debug/ThisReceiver/jarde-ThisReceiver-source-header	0	nonempty self-describing source
jdk8/debug/ThisReceiver/jarde-javac	0	/Library/Java/JavaVirtualMachines/corretto-1.8.0_432/Contents/Home/bin/javac -source 8 -target 8 -g -classpath /var/folders/gm/lzn3ylzx4lz7mx29lftngdz40000gn/T/jarde-raw-receiver-replay-2c48mdf6/empty-classpath -sourcepath /var/folders/gm/lzn3ylzx4lz7mx29lftngdz40000gn/T/jarde-raw-receiver-replay-2c48mdf6/empty-sourcepath -d /var/folders/gm/lzn3ylzx4lz7mx29lftngdz40000gn/T/jarde-raw-receiver-replay-2c48mdf6/jarde-classes /Users/lordcasser/workspace/projects/jarde/openspec/changes/recover-same-class-generic-call-consumers/results/candidate/gc09-raw-64-candidate-v8/jdk8/debug/jarde/ThisReceiver.java /Users/lordcasser/workspace/projects/jarde/openspec/evidence/raw-receiver-field-selection-2026-10-09/source/ReceiverProbe.java
jdk8/debug/ThisReceiver/jarde-verify-run	0	/Library/Java/JavaVirtualMachines/corretto-1.8.0_432/Contents/Home/bin/java -Xverify:all -cp /var/folders/gm/lzn3ylzx4lz7mx29lftngdz40000gn/T/jarde-raw-receiver-replay-2c48mdf6/jarde-classes ReceiverProbe ThisReceiver
jdk8/debug/ThisReceiver/jadx	0	/Users/lordcasser/workspace/testzone/jadx/jadx-cli/build/install/jadx/bin/jadx --no-res --single-class ThisReceiver -d /Users/lordcasser/workspace/projects/jarde/openspec/changes/recover-same-class-generic-call-consumers/results/candidate/gc09-raw-64-candidate-v8/jdk8/debug/jadx/ThisReceiver /Users/lordcasser/workspace/projects/jarde/openspec/evidence/raw-receiver-field-selection-2026-10-09/jdk8/debug/input/ThisReceiver.jar
jdk8/debug/ThisReceiver/jadx-source-header	0	nonempty class source
jdk8/debug/ThisReceiver/jadx-javac	0	/Library/Java/JavaVirtualMachines/corretto-1.8.0_432/Contents/Home/bin/javac -source 8 -target 8 -g -classpath /var/folders/gm/lzn3ylzx4lz7mx29lftngdz40000gn/T/jarde-raw-receiver-replay-2c48mdf6/empty-classpath -sourcepath /var/folders/gm/lzn3ylzx4lz7mx29lftngdz40000gn/T/jarde-raw-receiver-replay-2c48mdf6/empty-sourcepath -d /var/folders/gm/lzn3ylzx4lz7mx29lftngdz40000gn/T/jarde-raw-receiver-replay-2c48mdf6/jadx-classes /Users/lordcasser/workspace/projects/jarde/openspec/changes/recover-same-class-generic-call-consumers/results/candidate/gc09-raw-64-candidate-v8/jdk8/debug/jadx/ThisReceiver/sources/defpackage/ThisReceiver.java /Users/lordcasser/workspace/projects/jarde/openspec/evidence/raw-receiver-field-selection-2026-10-09/source/ReceiverProbe.java
jdk8/debug/ThisReceiver/jadx-verify-run	0	/Library/Java/JavaVirtualMachines/corretto-1.8.0_432/Contents/Home/bin/java -Xverify:all -cp /var/folders/gm/lzn3ylzx4lz7mx29lftngdz40000gn/T/jarde-raw-receiver-replay-2c48mdf6/jadx-classes ReceiverProbe defpackage.ThisReceiver
jdk8/no-debug/ThisReceiver/jar-contents	0	/Library/Java/JavaVirtualMachines/corretto-1.8.0_432/Contents/Home/bin/jar tf /Users/lordcasser/workspace/projects/jarde/openspec/evidence/raw-receiver-field-selection-2026-10-09/jdk8/no-debug/input/ThisReceiver.jar
jdk8/no-debug/ThisReceiver/original-javac	0	/Library/Java/JavaVirtualMachines/corretto-1.8.0_432/Contents/Home/bin/javac -source 8 -target 8 -g:none -classpath /var/folders/gm/lzn3ylzx4lz7mx29lftngdz40000gn/T/jarde-raw-receiver-replay-gux3cuy8/empty-classpath -sourcepath /var/folders/gm/lzn3ylzx4lz7mx29lftngdz40000gn/T/jarde-raw-receiver-replay-gux3cuy8/empty-sourcepath -d /var/folders/gm/lzn3ylzx4lz7mx29lftngdz40000gn/T/jarde-raw-receiver-replay-gux3cuy8/original /Users/lordcasser/workspace/projects/jarde/openspec/evidence/raw-receiver-field-selection-2026-10-09/source/ThisReceiver.java
jdk8/no-debug/ThisReceiver/javap	0	/Library/Java/JavaVirtualMachines/corretto-1.8.0_432/Contents/Home/bin/javap -p -c -s -v -classpath /Users/lordcasser/workspace/projects/jarde/openspec/evidence/raw-receiver-field-selection-2026-10-09/jdk8/no-debug/input/ThisReceiver.jar ThisReceiver
jdk8/no-debug/ThisReceiver/original-probe-javac	0	/Library/Java/JavaVirtualMachines/corretto-1.8.0_432/Contents/Home/bin/javac -source 8 -target 8 -g:none -classpath /var/folders/gm/lzn3ylzx4lz7mx29lftngdz40000gn/T/jarde-raw-receiver-replay-gux3cuy8/empty-classpath -sourcepath /var/folders/gm/lzn3ylzx4lz7mx29lftngdz40000gn/T/jarde-raw-receiver-replay-gux3cuy8/empty-sourcepath -d /var/folders/gm/lzn3ylzx4lz7mx29lftngdz40000gn/T/jarde-raw-receiver-replay-gux3cuy8/original-probe /Users/lordcasser/workspace/projects/jarde/openspec/evidence/raw-receiver-field-selection-2026-10-09/source/ReceiverProbe.java
jdk8/no-debug/ThisReceiver/original-run	0	/Library/Java/JavaVirtualMachines/corretto-1.8.0_432/Contents/Home/bin/java -Xverify:all -cp /var/folders/gm/lzn3ylzx4lz7mx29lftngdz40000gn/T/jarde-raw-receiver-replay-gux3cuy8/original:/var/folders/gm/lzn3ylzx4lz7mx29lftngdz40000gn/T/jarde-raw-receiver-replay-gux3cuy8/original-probe ReceiverProbe ThisReceiver
jdk8/no-debug/ThisReceiver/jarde-ThisReceiver	0	/private/tmp/jarde-generic-calls-candidate-v8-cli class-source --input /Users/lordcasser/workspace/projects/jarde/openspec/evidence/raw-receiver-field-selection-2026-10-09/jdk8/no-debug/input/ThisReceiver.jar --class ThisReceiver --policy plain-jar --release 8 --format text
jdk8/no-debug/ThisReceiver/jarde-ThisReceiver-source-header	0	nonempty self-describing source
jdk8/no-debug/ThisReceiver/jarde-javac	0	/Library/Java/JavaVirtualMachines/corretto-1.8.0_432/Contents/Home/bin/javac -source 8 -target 8 -g:none -classpath /var/folders/gm/lzn3ylzx4lz7mx29lftngdz40000gn/T/jarde-raw-receiver-replay-gux3cuy8/empty-classpath -sourcepath /var/folders/gm/lzn3ylzx4lz7mx29lftngdz40000gn/T/jarde-raw-receiver-replay-gux3cuy8/empty-sourcepath -d /var/folders/gm/lzn3ylzx4lz7mx29lftngdz40000gn/T/jarde-raw-receiver-replay-gux3cuy8/jarde-classes /Users/lordcasser/workspace/projects/jarde/openspec/changes/recover-same-class-generic-call-consumers/results/candidate/gc09-raw-64-candidate-v8/jdk8/no-debug/jarde/ThisReceiver.java /Users/lordcasser/workspace/projects/jarde/openspec/evidence/raw-receiver-field-selection-2026-10-09/source/ReceiverProbe.java
jdk8/no-debug/ThisReceiver/jarde-verify-run	0	/Library/Java/JavaVirtualMachines/corretto-1.8.0_432/Contents/Home/bin/java -Xverify:all -cp /var/folders/gm/lzn3ylzx4lz7mx29lftngdz40000gn/T/jarde-raw-receiver-replay-gux3cuy8/jarde-classes ReceiverProbe ThisReceiver
jdk8/no-debug/ThisReceiver/jadx	0	/Users/lordcasser/workspace/testzone/jadx/jadx-cli/build/install/jadx/bin/jadx --no-res --single-class ThisReceiver -d /Users/lordcasser/workspace/projects/jarde/openspec/changes/recover-same-class-generic-call-consumers/results/candidate/gc09-raw-64-candidate-v8/jdk8/no-debug/jadx/ThisReceiver /Users/lordcasser/workspace/projects/jarde/openspec/evidence/raw-receiver-field-selection-2026-10-09/jdk8/no-debug/input/ThisReceiver.jar
jdk8/no-debug/ThisReceiver/jadx-source-header	0	nonempty class source
jdk8/no-debug/ThisReceiver/jadx-javac	0	/Library/Java/JavaVirtualMachines/corretto-1.8.0_432/Contents/Home/bin/javac -source 8 -target 8 -g:none -classpath /var/folders/gm/lzn3ylzx4lz7mx29lftngdz40000gn/T/jarde-raw-receiver-replay-gux3cuy8/empty-classpath -sourcepath /var/folders/gm/lzn3ylzx4lz7mx29lftngdz40000gn/T/jarde-raw-receiver-replay-gux3cuy8/empty-sourcepath -d /var/folders/gm/lzn3ylzx4lz7mx29lftngdz40000gn/T/jarde-raw-receiver-replay-gux3cuy8/jadx-classes /Users/lordcasser/workspace/projects/jarde/openspec/changes/recover-same-class-generic-call-consumers/results/candidate/gc09-raw-64-candidate-v8/jdk8/no-debug/jadx/ThisReceiver/sources/defpackage/ThisReceiver.java /Users/lordcasser/workspace/projects/jarde/openspec/evidence/raw-receiver-field-selection-2026-10-09/source/ReceiverProbe.java
jdk8/no-debug/ThisReceiver/jadx-verify-run	0	/Library/Java/JavaVirtualMachines/corretto-1.8.0_432/Contents/Home/bin/java -Xverify:all -cp /var/folders/gm/lzn3ylzx4lz7mx29lftngdz40000gn/T/jarde-raw-receiver-replay-gux3cuy8/jadx-classes ReceiverProbe defpackage.ThisReceiver
jdk8/debug/ShadowMethodT/jar-contents	0	/Library/Java/JavaVirtualMachines/corretto-1.8.0_432/Contents/Home/bin/jar tf /Users/lordcasser/workspace/projects/jarde/openspec/evidence/raw-receiver-field-selection-2026-10-09/jdk8/debug/input/ShadowMethodT.jar
jdk8/debug/ShadowMethodT/original-javac	0	/Library/Java/JavaVirtualMachines/corretto-1.8.0_432/Contents/Home/bin/javac -source 8 -target 8 -g -classpath /var/folders/gm/lzn3ylzx4lz7mx29lftngdz40000gn/T/jarde-raw-receiver-replay-0cwr6gcz/empty-classpath -sourcepath /var/folders/gm/lzn3ylzx4lz7mx29lftngdz40000gn/T/jarde-raw-receiver-replay-0cwr6gcz/empty-sourcepath -d /var/folders/gm/lzn3ylzx4lz7mx29lftngdz40000gn/T/jarde-raw-receiver-replay-0cwr6gcz/original /Users/lordcasser/workspace/projects/jarde/openspec/evidence/raw-receiver-field-selection-2026-10-09/source/ShadowMethodT.java
jdk8/debug/ShadowMethodT/javap	0	/Library/Java/JavaVirtualMachines/corretto-1.8.0_432/Contents/Home/bin/javap -p -c -s -v -classpath /Users/lordcasser/workspace/projects/jarde/openspec/evidence/raw-receiver-field-selection-2026-10-09/jdk8/debug/input/ShadowMethodT.jar ShadowMethodT
jdk8/debug/ShadowMethodT/original-probe-javac	0	/Library/Java/JavaVirtualMachines/corretto-1.8.0_432/Contents/Home/bin/javac -source 8 -target 8 -g -classpath /var/folders/gm/lzn3ylzx4lz7mx29lftngdz40000gn/T/jarde-raw-receiver-replay-0cwr6gcz/empty-classpath -sourcepath /var/folders/gm/lzn3ylzx4lz7mx29lftngdz40000gn/T/jarde-raw-receiver-replay-0cwr6gcz/empty-sourcepath -d /var/folders/gm/lzn3ylzx4lz7mx29lftngdz40000gn/T/jarde-raw-receiver-replay-0cwr6gcz/original-probe /Users/lordcasser/workspace/projects/jarde/openspec/evidence/raw-receiver-field-selection-2026-10-09/source/ReceiverProbe.java
jdk8/debug/ShadowMethodT/original-run	0	/Library/Java/JavaVirtualMachines/corretto-1.8.0_432/Contents/Home/bin/java -Xverify:all -cp /var/folders/gm/lzn3ylzx4lz7mx29lftngdz40000gn/T/jarde-raw-receiver-replay-0cwr6gcz/original:/var/folders/gm/lzn3ylzx4lz7mx29lftngdz40000gn/T/jarde-raw-receiver-replay-0cwr6gcz/original-probe ReceiverProbe ShadowMethodT
jdk8/debug/ShadowMethodT/jarde-ShadowMethodT	0	/private/tmp/jarde-generic-calls-candidate-v8-cli class-source --input /Users/lordcasser/workspace/projects/jarde/openspec/evidence/raw-receiver-field-selection-2026-10-09/jdk8/debug/input/ShadowMethodT.jar --class ShadowMethodT --policy plain-jar --release 8 --format text
jdk8/debug/ShadowMethodT/jarde-ShadowMethodT-source-header	0	nonempty self-describing source
jdk8/debug/ShadowMethodT/jarde-javac	0	/Library/Java/JavaVirtualMachines/corretto-1.8.0_432/Contents/Home/bin/javac -source 8 -target 8 -g -classpath /var/folders/gm/lzn3ylzx4lz7mx29lftngdz40000gn/T/jarde-raw-receiver-replay-0cwr6gcz/empty-classpath -sourcepath /var/folders/gm/lzn3ylzx4lz7mx29lftngdz40000gn/T/jarde-raw-receiver-replay-0cwr6gcz/empty-sourcepath -d /var/folders/gm/lzn3ylzx4lz7mx29lftngdz40000gn/T/jarde-raw-receiver-replay-0cwr6gcz/jarde-classes /Users/lordcasser/workspace/projects/jarde/openspec/changes/recover-same-class-generic-call-consumers/results/candidate/gc09-raw-64-candidate-v8/jdk8/debug/jarde/ShadowMethodT.java /Users/lordcasser/workspace/projects/jarde/openspec/evidence/raw-receiver-field-selection-2026-10-09/source/ReceiverProbe.java
jdk8/debug/ShadowMethodT/jarde-verify-run	0	/Library/Java/JavaVirtualMachines/corretto-1.8.0_432/Contents/Home/bin/java -Xverify:all -cp /var/folders/gm/lzn3ylzx4lz7mx29lftngdz40000gn/T/jarde-raw-receiver-replay-0cwr6gcz/jarde-classes ReceiverProbe ShadowMethodT
jdk8/debug/ShadowMethodT/jadx	0	/Users/lordcasser/workspace/testzone/jadx/jadx-cli/build/install/jadx/bin/jadx --no-res --single-class ShadowMethodT -d /Users/lordcasser/workspace/projects/jarde/openspec/changes/recover-same-class-generic-call-consumers/results/candidate/gc09-raw-64-candidate-v8/jdk8/debug/jadx/ShadowMethodT /Users/lordcasser/workspace/projects/jarde/openspec/evidence/raw-receiver-field-selection-2026-10-09/jdk8/debug/input/ShadowMethodT.jar
jdk8/debug/ShadowMethodT/jadx-source-header	0	nonempty class source
jdk8/debug/ShadowMethodT/jadx-javac	0	/Library/Java/JavaVirtualMachines/corretto-1.8.0_432/Contents/Home/bin/javac -source 8 -target 8 -g -classpath /var/folders/gm/lzn3ylzx4lz7mx29lftngdz40000gn/T/jarde-raw-receiver-replay-0cwr6gcz/empty-classpath -sourcepath /var/folders/gm/lzn3ylzx4lz7mx29lftngdz40000gn/T/jarde-raw-receiver-replay-0cwr6gcz/empty-sourcepath -d /var/folders/gm/lzn3ylzx4lz7mx29lftngdz40000gn/T/jarde-raw-receiver-replay-0cwr6gcz/jadx-classes /Users/lordcasser/workspace/projects/jarde/openspec/changes/recover-same-class-generic-call-consumers/results/candidate/gc09-raw-64-candidate-v8/jdk8/debug/jadx/ShadowMethodT/sources/defpackage/ShadowMethodT.java /Users/lordcasser/workspace/projects/jarde/openspec/evidence/raw-receiver-field-selection-2026-10-09/source/ReceiverProbe.java
jdk8/debug/ShadowMethodT/jadx-verify-run	0	/Library/Java/JavaVirtualMachines/corretto-1.8.0_432/Contents/Home/bin/java -Xverify:all -cp /var/folders/gm/lzn3ylzx4lz7mx29lftngdz40000gn/T/jarde-raw-receiver-replay-0cwr6gcz/jadx-classes ReceiverProbe defpackage.ShadowMethodT
jdk8/no-debug/ShadowMethodT/jar-contents	0	/Library/Java/JavaVirtualMachines/corretto-1.8.0_432/Contents/Home/bin/jar tf /Users/lordcasser/workspace/projects/jarde/openspec/evidence/raw-receiver-field-selection-2026-10-09/jdk8/no-debug/input/ShadowMethodT.jar
jdk8/no-debug/ShadowMethodT/original-javac	0	/Library/Java/JavaVirtualMachines/corretto-1.8.0_432/Contents/Home/bin/javac -source 8 -target 8 -g:none -classpath /var/folders/gm/lzn3ylzx4lz7mx29lftngdz40000gn/T/jarde-raw-receiver-replay-ugh7ja_6/empty-classpath -sourcepath /var/folders/gm/lzn3ylzx4lz7mx29lftngdz40000gn/T/jarde-raw-receiver-replay-ugh7ja_6/empty-sourcepath -d /var/folders/gm/lzn3ylzx4lz7mx29lftngdz40000gn/T/jarde-raw-receiver-replay-ugh7ja_6/original /Users/lordcasser/workspace/projects/jarde/openspec/evidence/raw-receiver-field-selection-2026-10-09/source/ShadowMethodT.java
jdk8/no-debug/ShadowMethodT/javap	0	/Library/Java/JavaVirtualMachines/corretto-1.8.0_432/Contents/Home/bin/javap -p -c -s -v -classpath /Users/lordcasser/workspace/projects/jarde/openspec/evidence/raw-receiver-field-selection-2026-10-09/jdk8/no-debug/input/ShadowMethodT.jar ShadowMethodT
jdk8/no-debug/ShadowMethodT/original-probe-javac	0	/Library/Java/JavaVirtualMachines/corretto-1.8.0_432/Contents/Home/bin/javac -source 8 -target 8 -g:none -classpath /var/folders/gm/lzn3ylzx4lz7mx29lftngdz40000gn/T/jarde-raw-receiver-replay-ugh7ja_6/empty-classpath -sourcepath /var/folders/gm/lzn3ylzx4lz7mx29lftngdz40000gn/T/jarde-raw-receiver-replay-ugh7ja_6/empty-sourcepath -d /var/folders/gm/lzn3ylzx4lz7mx29lftngdz40000gn/T/jarde-raw-receiver-replay-ugh7ja_6/original-probe /Users/lordcasser/workspace/projects/jarde/openspec/evidence/raw-receiver-field-selection-2026-10-09/source/ReceiverProbe.java
jdk8/no-debug/ShadowMethodT/original-run	0	/Library/Java/JavaVirtualMachines/corretto-1.8.0_432/Contents/Home/bin/java -Xverify:all -cp /var/folders/gm/lzn3ylzx4lz7mx29lftngdz40000gn/T/jarde-raw-receiver-replay-ugh7ja_6/original:/var/folders/gm/lzn3ylzx4lz7mx29lftngdz40000gn/T/jarde-raw-receiver-replay-ugh7ja_6/original-probe ReceiverProbe ShadowMethodT
jdk8/no-debug/ShadowMethodT/jarde-ShadowMethodT	0	/private/tmp/jarde-generic-calls-candidate-v8-cli class-source --input /Users/lordcasser/workspace/projects/jarde/openspec/evidence/raw-receiver-field-selection-2026-10-09/jdk8/no-debug/input/ShadowMethodT.jar --class ShadowMethodT --policy plain-jar --release 8 --format text
jdk8/no-debug/ShadowMethodT/jarde-ShadowMethodT-source-header	0	nonempty self-describing source
jdk8/no-debug/ShadowMethodT/jarde-javac	0	/Library/Java/JavaVirtualMachines/corretto-1.8.0_432/Contents/Home/bin/javac -source 8 -target 8 -g:none -classpath /var/folders/gm/lzn3ylzx4lz7mx29lftngdz40000gn/T/jarde-raw-receiver-replay-ugh7ja_6/empty-classpath -sourcepath /var/folders/gm/lzn3ylzx4lz7mx29lftngdz40000gn/T/jarde-raw-receiver-replay-ugh7ja_6/empty-sourcepath -d /var/folders/gm/lzn3ylzx4lz7mx29lftngdz40000gn/T/jarde-raw-receiver-replay-ugh7ja_6/jarde-classes /Users/lordcasser/workspace/projects/jarde/openspec/changes/recover-same-class-generic-call-consumers/results/candidate/gc09-raw-64-candidate-v8/jdk8/no-debug/jarde/ShadowMethodT.java /Users/lordcasser/workspace/projects/jarde/openspec/evidence/raw-receiver-field-selection-2026-10-09/source/ReceiverProbe.java
jdk8/no-debug/ShadowMethodT/jarde-verify-run	0	/Library/Java/JavaVirtualMachines/corretto-1.8.0_432/Contents/Home/bin/java -Xverify:all -cp /var/folders/gm/lzn3ylzx4lz7mx29lftngdz40000gn/T/jarde-raw-receiver-replay-ugh7ja_6/jarde-classes ReceiverProbe ShadowMethodT
jdk8/no-debug/ShadowMethodT/jadx	0	/Users/lordcasser/workspace/testzone/jadx/jadx-cli/build/install/jadx/bin/jadx --no-res --single-class ShadowMethodT -d /Users/lordcasser/workspace/projects/jarde/openspec/changes/recover-same-class-generic-call-consumers/results/candidate/gc09-raw-64-candidate-v8/jdk8/no-debug/jadx/ShadowMethodT /Users/lordcasser/workspace/projects/jarde/openspec/evidence/raw-receiver-field-selection-2026-10-09/jdk8/no-debug/input/ShadowMethodT.jar
jdk8/no-debug/ShadowMethodT/jadx-source-header	0	nonempty class source
jdk8/no-debug/ShadowMethodT/jadx-javac	0	/Library/Java/JavaVirtualMachines/corretto-1.8.0_432/Contents/Home/bin/javac -source 8 -target 8 -g:none -classpath /var/folders/gm/lzn3ylzx4lz7mx29lftngdz40000gn/T/jarde-raw-receiver-replay-ugh7ja_6/empty-classpath -sourcepath /var/folders/gm/lzn3ylzx4lz7mx29lftngdz40000gn/T/jarde-raw-receiver-replay-ugh7ja_6/empty-sourcepath -d /var/folders/gm/lzn3ylzx4lz7mx29lftngdz40000gn/T/jarde-raw-receiver-replay-ugh7ja_6/jadx-classes /Users/lordcasser/workspace/projects/jarde/openspec/changes/recover-same-class-generic-call-consumers/results/candidate/gc09-raw-64-candidate-v8/jdk8/no-debug/jadx/ShadowMethodT/sources/defpackage/ShadowMethodT.java /Users/lordcasser/workspace/projects/jarde/openspec/evidence/raw-receiver-field-selection-2026-10-09/source/ReceiverProbe.java
jdk8/no-debug/ShadowMethodT/jadx-verify-run	0	/Library/Java/JavaVirtualMachines/corretto-1.8.0_432/Contents/Home/bin/java -Xverify:all -cp /var/folders/gm/lzn3ylzx4lz7mx29lftngdz40000gn/T/jarde-raw-receiver-replay-ugh7ja_6/jadx-classes ReceiverProbe defpackage.ShadowMethodT
jdk8/debug/DirectInstanceRawParam/jar-contents	0	/Library/Java/JavaVirtualMachines/corretto-1.8.0_432/Contents/Home/bin/jar tf /Users/lordcasser/workspace/projects/jarde/openspec/evidence/raw-receiver-field-selection-2026-10-09/jdk8/debug/input/DirectInstanceRawParam.jar
jdk8/debug/DirectInstanceRawParam/original-javac	0	/Library/Java/JavaVirtualMachines/corretto-1.8.0_432/Contents/Home/bin/javac -source 8 -target 8 -g -classpath /var/folders/gm/lzn3ylzx4lz7mx29lftngdz40000gn/T/jarde-raw-receiver-replay-nof7p2nm/empty-classpath -sourcepath /var/folders/gm/lzn3ylzx4lz7mx29lftngdz40000gn/T/jarde-raw-receiver-replay-nof7p2nm/empty-sourcepath -d /var/folders/gm/lzn3ylzx4lz7mx29lftngdz40000gn/T/jarde-raw-receiver-replay-nof7p2nm/original /Users/lordcasser/workspace/projects/jarde/openspec/evidence/raw-receiver-field-selection-2026-10-09/source/DirectInstanceRawParam.java
jdk8/debug/DirectInstanceRawParam/javap	0	/Library/Java/JavaVirtualMachines/corretto-1.8.0_432/Contents/Home/bin/javap -p -c -s -v -classpath /Users/lordcasser/workspace/projects/jarde/openspec/evidence/raw-receiver-field-selection-2026-10-09/jdk8/debug/input/DirectInstanceRawParam.jar DirectInstanceRawParam
jdk8/debug/DirectInstanceRawParam/original-probe-javac	0	/Library/Java/JavaVirtualMachines/corretto-1.8.0_432/Contents/Home/bin/javac -source 8 -target 8 -g -classpath /var/folders/gm/lzn3ylzx4lz7mx29lftngdz40000gn/T/jarde-raw-receiver-replay-nof7p2nm/empty-classpath -sourcepath /var/folders/gm/lzn3ylzx4lz7mx29lftngdz40000gn/T/jarde-raw-receiver-replay-nof7p2nm/empty-sourcepath -d /var/folders/gm/lzn3ylzx4lz7mx29lftngdz40000gn/T/jarde-raw-receiver-replay-nof7p2nm/original-probe /Users/lordcasser/workspace/projects/jarde/openspec/evidence/raw-receiver-field-selection-2026-10-09/source/ReceiverProbe.java
jdk8/debug/DirectInstanceRawParam/original-run	0	/Library/Java/JavaVirtualMachines/corretto-1.8.0_432/Contents/Home/bin/java -Xverify:all -cp /var/folders/gm/lzn3ylzx4lz7mx29lftngdz40000gn/T/jarde-raw-receiver-replay-nof7p2nm/original:/var/folders/gm/lzn3ylzx4lz7mx29lftngdz40000gn/T/jarde-raw-receiver-replay-nof7p2nm/original-probe ReceiverProbe DirectInstanceRawParam
jdk8/debug/DirectInstanceRawParam/jarde-DirectInstanceRawParam	0	/private/tmp/jarde-generic-calls-candidate-v8-cli class-source --input /Users/lordcasser/workspace/projects/jarde/openspec/evidence/raw-receiver-field-selection-2026-10-09/jdk8/debug/input/DirectInstanceRawParam.jar --class DirectInstanceRawParam --policy plain-jar --release 8 --format text
jdk8/debug/DirectInstanceRawParam/jarde-DirectInstanceRawParam-source-header	0	nonempty self-describing source
jdk8/debug/DirectInstanceRawParam/jarde-javac	0	/Library/Java/JavaVirtualMachines/corretto-1.8.0_432/Contents/Home/bin/javac -source 8 -target 8 -g -classpath /var/folders/gm/lzn3ylzx4lz7mx29lftngdz40000gn/T/jarde-raw-receiver-replay-nof7p2nm/empty-classpath -sourcepath /var/folders/gm/lzn3ylzx4lz7mx29lftngdz40000gn/T/jarde-raw-receiver-replay-nof7p2nm/empty-sourcepath -d /var/folders/gm/lzn3ylzx4lz7mx29lftngdz40000gn/T/jarde-raw-receiver-replay-nof7p2nm/jarde-classes /Users/lordcasser/workspace/projects/jarde/openspec/changes/recover-same-class-generic-call-consumers/results/candidate/gc09-raw-64-candidate-v8/jdk8/debug/jarde/DirectInstanceRawParam.java /Users/lordcasser/workspace/projects/jarde/openspec/evidence/raw-receiver-field-selection-2026-10-09/source/ReceiverProbe.java
jdk8/debug/DirectInstanceRawParam/jarde-verify-run	0	/Library/Java/JavaVirtualMachines/corretto-1.8.0_432/Contents/Home/bin/java -Xverify:all -cp /var/folders/gm/lzn3ylzx4lz7mx29lftngdz40000gn/T/jarde-raw-receiver-replay-nof7p2nm/jarde-classes ReceiverProbe DirectInstanceRawParam
jdk8/debug/DirectInstanceRawParam/jadx	0	/Users/lordcasser/workspace/testzone/jadx/jadx-cli/build/install/jadx/bin/jadx --no-res --single-class DirectInstanceRawParam -d /Users/lordcasser/workspace/projects/jarde/openspec/changes/recover-same-class-generic-call-consumers/results/candidate/gc09-raw-64-candidate-v8/jdk8/debug/jadx/DirectInstanceRawParam /Users/lordcasser/workspace/projects/jarde/openspec/evidence/raw-receiver-field-selection-2026-10-09/jdk8/debug/input/DirectInstanceRawParam.jar
jdk8/debug/DirectInstanceRawParam/jadx-source-header	0	nonempty class source
jdk8/debug/DirectInstanceRawParam/jadx-javac	0	/Library/Java/JavaVirtualMachines/corretto-1.8.0_432/Contents/Home/bin/javac -source 8 -target 8 -g -classpath /var/folders/gm/lzn3ylzx4lz7mx29lftngdz40000gn/T/jarde-raw-receiver-replay-nof7p2nm/empty-classpath -sourcepath /var/folders/gm/lzn3ylzx4lz7mx29lftngdz40000gn/T/jarde-raw-receiver-replay-nof7p2nm/empty-sourcepath -d /var/folders/gm/lzn3ylzx4lz7mx29lftngdz40000gn/T/jarde-raw-receiver-replay-nof7p2nm/jadx-classes /Users/lordcasser/workspace/projects/jarde/openspec/changes/recover-same-class-generic-call-consumers/results/candidate/gc09-raw-64-candidate-v8/jdk8/debug/jadx/DirectInstanceRawParam/sources/defpackage/DirectInstanceRawParam.java /Users/lordcasser/workspace/projects/jarde/openspec/evidence/raw-receiver-field-selection-2026-10-09/source/ReceiverProbe.java
jdk8/debug/DirectInstanceRawParam/jadx-verify-run	0	/Library/Java/JavaVirtualMachines/corretto-1.8.0_432/Contents/Home/bin/java -Xverify:all -cp /var/folders/gm/lzn3ylzx4lz7mx29lftngdz40000gn/T/jarde-raw-receiver-replay-nof7p2nm/jadx-classes ReceiverProbe defpackage.DirectInstanceRawParam
jdk8/no-debug/DirectInstanceRawParam/jar-contents	0	/Library/Java/JavaVirtualMachines/corretto-1.8.0_432/Contents/Home/bin/jar tf /Users/lordcasser/workspace/projects/jarde/openspec/evidence/raw-receiver-field-selection-2026-10-09/jdk8/no-debug/input/DirectInstanceRawParam.jar
jdk8/no-debug/DirectInstanceRawParam/original-javac	0	/Library/Java/JavaVirtualMachines/corretto-1.8.0_432/Contents/Home/bin/javac -source 8 -target 8 -g:none -classpath /var/folders/gm/lzn3ylzx4lz7mx29lftngdz40000gn/T/jarde-raw-receiver-replay-ulqy7v_f/empty-classpath -sourcepath /var/folders/gm/lzn3ylzx4lz7mx29lftngdz40000gn/T/jarde-raw-receiver-replay-ulqy7v_f/empty-sourcepath -d /var/folders/gm/lzn3ylzx4lz7mx29lftngdz40000gn/T/jarde-raw-receiver-replay-ulqy7v_f/original /Users/lordcasser/workspace/projects/jarde/openspec/evidence/raw-receiver-field-selection-2026-10-09/source/DirectInstanceRawParam.java
jdk8/no-debug/DirectInstanceRawParam/javap	0	/Library/Java/JavaVirtualMachines/corretto-1.8.0_432/Contents/Home/bin/javap -p -c -s -v -classpath /Users/lordcasser/workspace/projects/jarde/openspec/evidence/raw-receiver-field-selection-2026-10-09/jdk8/no-debug/input/DirectInstanceRawParam.jar DirectInstanceRawParam
jdk8/no-debug/DirectInstanceRawParam/original-probe-javac	0	/Library/Java/JavaVirtualMachines/corretto-1.8.0_432/Contents/Home/bin/javac -source 8 -target 8 -g:none -classpath /var/folders/gm/lzn3ylzx4lz7mx29lftngdz40000gn/T/jarde-raw-receiver-replay-ulqy7v_f/empty-classpath -sourcepath /var/folders/gm/lzn3ylzx4lz7mx29lftngdz40000gn/T/jarde-raw-receiver-replay-ulqy7v_f/empty-sourcepath -d /var/folders/gm/lzn3ylzx4lz7mx29lftngdz40000gn/T/jarde-raw-receiver-replay-ulqy7v_f/original-probe /Users/lordcasser/workspace/projects/jarde/openspec/evidence/raw-receiver-field-selection-2026-10-09/source/ReceiverProbe.java
jdk8/no-debug/DirectInstanceRawParam/original-run	0	/Library/Java/JavaVirtualMachines/corretto-1.8.0_432/Contents/Home/bin/java -Xverify:all -cp /var/folders/gm/lzn3ylzx4lz7mx29lftngdz40000gn/T/jarde-raw-receiver-replay-ulqy7v_f/original:/var/folders/gm/lzn3ylzx4lz7mx29lftngdz40000gn/T/jarde-raw-receiver-replay-ulqy7v_f/original-probe ReceiverProbe DirectInstanceRawParam
jdk8/no-debug/DirectInstanceRawParam/jarde-DirectInstanceRawParam	0	/private/tmp/jarde-generic-calls-candidate-v8-cli class-source --input /Users/lordcasser/workspace/projects/jarde/openspec/evidence/raw-receiver-field-selection-2026-10-09/jdk8/no-debug/input/DirectInstanceRawParam.jar --class DirectInstanceRawParam --policy plain-jar --release 8 --format text
jdk8/no-debug/DirectInstanceRawParam/jarde-DirectInstanceRawParam-source-header	0	nonempty self-describing source
jdk8/no-debug/DirectInstanceRawParam/jarde-javac	0	/Library/Java/JavaVirtualMachines/corretto-1.8.0_432/Contents/Home/bin/javac -source 8 -target 8 -g:none -classpath /var/folders/gm/lzn3ylzx4lz7mx29lftngdz40000gn/T/jarde-raw-receiver-replay-ulqy7v_f/empty-classpath -sourcepath /var/folders/gm/lzn3ylzx4lz7mx29lftngdz40000gn/T/jarde-raw-receiver-replay-ulqy7v_f/empty-sourcepath -d /var/folders/gm/lzn3ylzx4lz7mx29lftngdz40000gn/T/jarde-raw-receiver-replay-ulqy7v_f/jarde-classes /Users/lordcasser/workspace/projects/jarde/openspec/changes/recover-same-class-generic-call-consumers/results/candidate/gc09-raw-64-candidate-v8/jdk8/no-debug/jarde/DirectInstanceRawParam.java /Users/lordcasser/workspace/projects/jarde/openspec/evidence/raw-receiver-field-selection-2026-10-09/source/ReceiverProbe.java
jdk8/no-debug/DirectInstanceRawParam/jarde-verify-run	0	/Library/Java/JavaVirtualMachines/corretto-1.8.0_432/Contents/Home/bin/java -Xverify:all -cp /var/folders/gm/lzn3ylzx4lz7mx29lftngdz40000gn/T/jarde-raw-receiver-replay-ulqy7v_f/jarde-classes ReceiverProbe DirectInstanceRawParam
jdk8/no-debug/DirectInstanceRawParam/jadx	0	/Users/lordcasser/workspace/testzone/jadx/jadx-cli/build/install/jadx/bin/jadx --no-res --single-class DirectInstanceRawParam -d /Users/lordcasser/workspace/projects/jarde/openspec/changes/recover-same-class-generic-call-consumers/results/candidate/gc09-raw-64-candidate-v8/jdk8/no-debug/jadx/DirectInstanceRawParam /Users/lordcasser/workspace/projects/jarde/openspec/evidence/raw-receiver-field-selection-2026-10-09/jdk8/no-debug/input/DirectInstanceRawParam.jar
jdk8/no-debug/DirectInstanceRawParam/jadx-source-header	0	nonempty class source
jdk8/no-debug/DirectInstanceRawParam/jadx-javac	0	/Library/Java/JavaVirtualMachines/corretto-1.8.0_432/Contents/Home/bin/javac -source 8 -target 8 -g:none -classpath /var/folders/gm/lzn3ylzx4lz7mx29lftngdz40000gn/T/jarde-raw-receiver-replay-ulqy7v_f/empty-classpath -sourcepath /var/folders/gm/lzn3ylzx4lz7mx29lftngdz40000gn/T/jarde-raw-receiver-replay-ulqy7v_f/empty-sourcepath -d /var/folders/gm/lzn3ylzx4lz7mx29lftngdz40000gn/T/jarde-raw-receiver-replay-ulqy7v_f/jadx-classes /Users/lordcasser/workspace/projects/jarde/openspec/changes/recover-same-class-generic-call-consumers/results/candidate/gc09-raw-64-candidate-v8/jdk8/no-debug/jadx/DirectInstanceRawParam/sources/defpackage/DirectInstanceRawParam.java /Users/lordcasser/workspace/projects/jarde/openspec/evidence/raw-receiver-field-selection-2026-10-09/source/ReceiverProbe.java
jdk8/no-debug/DirectInstanceRawParam/jadx-verify-run	0	/Library/Java/JavaVirtualMachines/corretto-1.8.0_432/Contents/Home/bin/java -Xverify:all -cp /var/folders/gm/lzn3ylzx4lz7mx29lftngdz40000gn/T/jarde-raw-receiver-replay-ulqy7v_f/jadx-classes ReceiverProbe defpackage.DirectInstanceRawParam
jdk8/debug/WideRawParam/jar-contents	0	/Library/Java/JavaVirtualMachines/corretto-1.8.0_432/Contents/Home/bin/jar tf /Users/lordcasser/workspace/projects/jarde/openspec/evidence/raw-receiver-field-selection-2026-10-09/jdk8/debug/input/WideRawParam.jar
jdk8/debug/WideRawParam/original-javac	0	/Library/Java/JavaVirtualMachines/corretto-1.8.0_432/Contents/Home/bin/javac -source 8 -target 8 -g -classpath /var/folders/gm/lzn3ylzx4lz7mx29lftngdz40000gn/T/jarde-raw-receiver-replay-5oti_8uo/empty-classpath -sourcepath /var/folders/gm/lzn3ylzx4lz7mx29lftngdz40000gn/T/jarde-raw-receiver-replay-5oti_8uo/empty-sourcepath -d /var/folders/gm/lzn3ylzx4lz7mx29lftngdz40000gn/T/jarde-raw-receiver-replay-5oti_8uo/original /Users/lordcasser/workspace/projects/jarde/openspec/evidence/raw-receiver-field-selection-2026-10-09/source/WideRawParam.java
jdk8/debug/WideRawParam/javap	0	/Library/Java/JavaVirtualMachines/corretto-1.8.0_432/Contents/Home/bin/javap -p -c -s -v -classpath /Users/lordcasser/workspace/projects/jarde/openspec/evidence/raw-receiver-field-selection-2026-10-09/jdk8/debug/input/WideRawParam.jar WideRawParam
jdk8/debug/WideRawParam/original-probe-javac	0	/Library/Java/JavaVirtualMachines/corretto-1.8.0_432/Contents/Home/bin/javac -source 8 -target 8 -g -classpath /var/folders/gm/lzn3ylzx4lz7mx29lftngdz40000gn/T/jarde-raw-receiver-replay-5oti_8uo/empty-classpath -sourcepath /var/folders/gm/lzn3ylzx4lz7mx29lftngdz40000gn/T/jarde-raw-receiver-replay-5oti_8uo/empty-sourcepath -d /var/folders/gm/lzn3ylzx4lz7mx29lftngdz40000gn/T/jarde-raw-receiver-replay-5oti_8uo/original-probe /Users/lordcasser/workspace/projects/jarde/openspec/evidence/raw-receiver-field-selection-2026-10-09/source/ReceiverProbe.java
jdk8/debug/WideRawParam/original-run	0	/Library/Java/JavaVirtualMachines/corretto-1.8.0_432/Contents/Home/bin/java -Xverify:all -cp /var/folders/gm/lzn3ylzx4lz7mx29lftngdz40000gn/T/jarde-raw-receiver-replay-5oti_8uo/original:/var/folders/gm/lzn3ylzx4lz7mx29lftngdz40000gn/T/jarde-raw-receiver-replay-5oti_8uo/original-probe ReceiverProbe WideRawParam
jdk8/debug/WideRawParam/jarde-WideRawParam	0	/private/tmp/jarde-generic-calls-candidate-v8-cli class-source --input /Users/lordcasser/workspace/projects/jarde/openspec/evidence/raw-receiver-field-selection-2026-10-09/jdk8/debug/input/WideRawParam.jar --class WideRawParam --policy plain-jar --release 8 --format text
jdk8/debug/WideRawParam/jarde-WideRawParam-source-header	0	nonempty self-describing source
jdk8/debug/WideRawParam/jarde-javac	0	/Library/Java/JavaVirtualMachines/corretto-1.8.0_432/Contents/Home/bin/javac -source 8 -target 8 -g -classpath /var/folders/gm/lzn3ylzx4lz7mx29lftngdz40000gn/T/jarde-raw-receiver-replay-5oti_8uo/empty-classpath -sourcepath /var/folders/gm/lzn3ylzx4lz7mx29lftngdz40000gn/T/jarde-raw-receiver-replay-5oti_8uo/empty-sourcepath -d /var/folders/gm/lzn3ylzx4lz7mx29lftngdz40000gn/T/jarde-raw-receiver-replay-5oti_8uo/jarde-classes /Users/lordcasser/workspace/projects/jarde/openspec/changes/recover-same-class-generic-call-consumers/results/candidate/gc09-raw-64-candidate-v8/jdk8/debug/jarde/WideRawParam.java /Users/lordcasser/workspace/projects/jarde/openspec/evidence/raw-receiver-field-selection-2026-10-09/source/ReceiverProbe.java
jdk8/debug/WideRawParam/jarde-verify-run	0	/Library/Java/JavaVirtualMachines/corretto-1.8.0_432/Contents/Home/bin/java -Xverify:all -cp /var/folders/gm/lzn3ylzx4lz7mx29lftngdz40000gn/T/jarde-raw-receiver-replay-5oti_8uo/jarde-classes ReceiverProbe WideRawParam
jdk8/debug/WideRawParam/jadx	0	/Users/lordcasser/workspace/testzone/jadx/jadx-cli/build/install/jadx/bin/jadx --no-res --single-class WideRawParam -d /Users/lordcasser/workspace/projects/jarde/openspec/changes/recover-same-class-generic-call-consumers/results/candidate/gc09-raw-64-candidate-v8/jdk8/debug/jadx/WideRawParam /Users/lordcasser/workspace/projects/jarde/openspec/evidence/raw-receiver-field-selection-2026-10-09/jdk8/debug/input/WideRawParam.jar
jdk8/debug/WideRawParam/jadx-source-header	0	nonempty class source
jdk8/debug/WideRawParam/jadx-javac	0	/Library/Java/JavaVirtualMachines/corretto-1.8.0_432/Contents/Home/bin/javac -source 8 -target 8 -g -classpath /var/folders/gm/lzn3ylzx4lz7mx29lftngdz40000gn/T/jarde-raw-receiver-replay-5oti_8uo/empty-classpath -sourcepath /var/folders/gm/lzn3ylzx4lz7mx29lftngdz40000gn/T/jarde-raw-receiver-replay-5oti_8uo/empty-sourcepath -d /var/folders/gm/lzn3ylzx4lz7mx29lftngdz40000gn/T/jarde-raw-receiver-replay-5oti_8uo/jadx-classes /Users/lordcasser/workspace/projects/jarde/openspec/changes/recover-same-class-generic-call-consumers/results/candidate/gc09-raw-64-candidate-v8/jdk8/debug/jadx/WideRawParam/sources/defpackage/WideRawParam.java /Users/lordcasser/workspace/projects/jarde/openspec/evidence/raw-receiver-field-selection-2026-10-09/source/ReceiverProbe.java
jdk8/debug/WideRawParam/jadx-verify-run	0	/Library/Java/JavaVirtualMachines/corretto-1.8.0_432/Contents/Home/bin/java -Xverify:all -cp /var/folders/gm/lzn3ylzx4lz7mx29lftngdz40000gn/T/jarde-raw-receiver-replay-5oti_8uo/jadx-classes ReceiverProbe defpackage.WideRawParam
jdk8/no-debug/WideRawParam/jar-contents	0	/Library/Java/JavaVirtualMachines/corretto-1.8.0_432/Contents/Home/bin/jar tf /Users/lordcasser/workspace/projects/jarde/openspec/evidence/raw-receiver-field-selection-2026-10-09/jdk8/no-debug/input/WideRawParam.jar
jdk8/no-debug/WideRawParam/original-javac	0	/Library/Java/JavaVirtualMachines/corretto-1.8.0_432/Contents/Home/bin/javac -source 8 -target 8 -g:none -classpath /var/folders/gm/lzn3ylzx4lz7mx29lftngdz40000gn/T/jarde-raw-receiver-replay-5qzui5mu/empty-classpath -sourcepath /var/folders/gm/lzn3ylzx4lz7mx29lftngdz40000gn/T/jarde-raw-receiver-replay-5qzui5mu/empty-sourcepath -d /var/folders/gm/lzn3ylzx4lz7mx29lftngdz40000gn/T/jarde-raw-receiver-replay-5qzui5mu/original /Users/lordcasser/workspace/projects/jarde/openspec/evidence/raw-receiver-field-selection-2026-10-09/source/WideRawParam.java
jdk8/no-debug/WideRawParam/javap	0	/Library/Java/JavaVirtualMachines/corretto-1.8.0_432/Contents/Home/bin/javap -p -c -s -v -classpath /Users/lordcasser/workspace/projects/jarde/openspec/evidence/raw-receiver-field-selection-2026-10-09/jdk8/no-debug/input/WideRawParam.jar WideRawParam
jdk8/no-debug/WideRawParam/original-probe-javac	0	/Library/Java/JavaVirtualMachines/corretto-1.8.0_432/Contents/Home/bin/javac -source 8 -target 8 -g:none -classpath /var/folders/gm/lzn3ylzx4lz7mx29lftngdz40000gn/T/jarde-raw-receiver-replay-5qzui5mu/empty-classpath -sourcepath /var/folders/gm/lzn3ylzx4lz7mx29lftngdz40000gn/T/jarde-raw-receiver-replay-5qzui5mu/empty-sourcepath -d /var/folders/gm/lzn3ylzx4lz7mx29lftngdz40000gn/T/jarde-raw-receiver-replay-5qzui5mu/original-probe /Users/lordcasser/workspace/projects/jarde/openspec/evidence/raw-receiver-field-selection-2026-10-09/source/ReceiverProbe.java
jdk8/no-debug/WideRawParam/original-run	0	/Library/Java/JavaVirtualMachines/corretto-1.8.0_432/Contents/Home/bin/java -Xverify:all -cp /var/folders/gm/lzn3ylzx4lz7mx29lftngdz40000gn/T/jarde-raw-receiver-replay-5qzui5mu/original:/var/folders/gm/lzn3ylzx4lz7mx29lftngdz40000gn/T/jarde-raw-receiver-replay-5qzui5mu/original-probe ReceiverProbe WideRawParam
jdk8/no-debug/WideRawParam/jarde-WideRawParam	0	/private/tmp/jarde-generic-calls-candidate-v8-cli class-source --input /Users/lordcasser/workspace/projects/jarde/openspec/evidence/raw-receiver-field-selection-2026-10-09/jdk8/no-debug/input/WideRawParam.jar --class WideRawParam --policy plain-jar --release 8 --format text
jdk8/no-debug/WideRawParam/jarde-WideRawParam-source-header	0	nonempty self-describing source
jdk8/no-debug/WideRawParam/jarde-javac	0	/Library/Java/JavaVirtualMachines/corretto-1.8.0_432/Contents/Home/bin/javac -source 8 -target 8 -g:none -classpath /var/folders/gm/lzn3ylzx4lz7mx29lftngdz40000gn/T/jarde-raw-receiver-replay-5qzui5mu/empty-classpath -sourcepath /var/folders/gm/lzn3ylzx4lz7mx29lftngdz40000gn/T/jarde-raw-receiver-replay-5qzui5mu/empty-sourcepath -d /var/folders/gm/lzn3ylzx4lz7mx29lftngdz40000gn/T/jarde-raw-receiver-replay-5qzui5mu/jarde-classes /Users/lordcasser/workspace/projects/jarde/openspec/changes/recover-same-class-generic-call-consumers/results/candidate/gc09-raw-64-candidate-v8/jdk8/no-debug/jarde/WideRawParam.java /Users/lordcasser/workspace/projects/jarde/openspec/evidence/raw-receiver-field-selection-2026-10-09/source/ReceiverProbe.java
jdk8/no-debug/WideRawParam/jarde-verify-run	0	/Library/Java/JavaVirtualMachines/corretto-1.8.0_432/Contents/Home/bin/java -Xverify:all -cp /var/folders/gm/lzn3ylzx4lz7mx29lftngdz40000gn/T/jarde-raw-receiver-replay-5qzui5mu/jarde-classes ReceiverProbe WideRawParam
jdk8/no-debug/WideRawParam/jadx	0	/Users/lordcasser/workspace/testzone/jadx/jadx-cli/build/install/jadx/bin/jadx --no-res --single-class WideRawParam -d /Users/lordcasser/workspace/projects/jarde/openspec/changes/recover-same-class-generic-call-consumers/results/candidate/gc09-raw-64-candidate-v8/jdk8/no-debug/jadx/WideRawParam /Users/lordcasser/workspace/projects/jarde/openspec/evidence/raw-receiver-field-selection-2026-10-09/jdk8/no-debug/input/WideRawParam.jar
jdk8/no-debug/WideRawParam/jadx-source-header	0	nonempty class source
jdk8/no-debug/WideRawParam/jadx-javac	0	/Library/Java/JavaVirtualMachines/corretto-1.8.0_432/Contents/Home/bin/javac -source 8 -target 8 -g:none -classpath /var/folders/gm/lzn3ylzx4lz7mx29lftngdz40000gn/T/jarde-raw-receiver-replay-5qzui5mu/empty-classpath -sourcepath /var/folders/gm/lzn3ylzx4lz7mx29lftngdz40000gn/T/jarde-raw-receiver-replay-5qzui5mu/empty-sourcepath -d /var/folders/gm/lzn3ylzx4lz7mx29lftngdz40000gn/T/jarde-raw-receiver-replay-5qzui5mu/jadx-classes /Users/lordcasser/workspace/projects/jarde/openspec/changes/recover-same-class-generic-call-consumers/results/candidate/gc09-raw-64-candidate-v8/jdk8/no-debug/jadx/WideRawParam/sources/defpackage/WideRawParam.java /Users/lordcasser/workspace/projects/jarde/openspec/evidence/raw-receiver-field-selection-2026-10-09/source/ReceiverProbe.java
jdk8/no-debug/WideRawParam/jadx-verify-run	0	/Library/Java/JavaVirtualMachines/corretto-1.8.0_432/Contents/Home/bin/java -Xverify:all -cp /var/folders/gm/lzn3ylzx4lz7mx29lftngdz40000gn/T/jarde-raw-receiver-replay-5qzui5mu/jadx-classes ReceiverProbe defpackage.WideRawParam
jdk8/debug/ArrayRawParam/jar-contents	0	/Library/Java/JavaVirtualMachines/corretto-1.8.0_432/Contents/Home/bin/jar tf /Users/lordcasser/workspace/projects/jarde/openspec/evidence/raw-receiver-field-selection-2026-10-09/jdk8/debug/input/ArrayRawParam.jar
jdk8/debug/ArrayRawParam/original-javac	0	/Library/Java/JavaVirtualMachines/corretto-1.8.0_432/Contents/Home/bin/javac -source 8 -target 8 -g -classpath /var/folders/gm/lzn3ylzx4lz7mx29lftngdz40000gn/T/jarde-raw-receiver-replay-wqkytwev/empty-classpath -sourcepath /var/folders/gm/lzn3ylzx4lz7mx29lftngdz40000gn/T/jarde-raw-receiver-replay-wqkytwev/empty-sourcepath -d /var/folders/gm/lzn3ylzx4lz7mx29lftngdz40000gn/T/jarde-raw-receiver-replay-wqkytwev/original /Users/lordcasser/workspace/projects/jarde/openspec/evidence/raw-receiver-field-selection-2026-10-09/source/ArrayRawParam.java
jdk8/debug/ArrayRawParam/javap	0	/Library/Java/JavaVirtualMachines/corretto-1.8.0_432/Contents/Home/bin/javap -p -c -s -v -classpath /Users/lordcasser/workspace/projects/jarde/openspec/evidence/raw-receiver-field-selection-2026-10-09/jdk8/debug/input/ArrayRawParam.jar ArrayRawParam
jdk8/debug/ArrayRawParam/original-probe-javac	0	/Library/Java/JavaVirtualMachines/corretto-1.8.0_432/Contents/Home/bin/javac -source 8 -target 8 -g -classpath /var/folders/gm/lzn3ylzx4lz7mx29lftngdz40000gn/T/jarde-raw-receiver-replay-wqkytwev/empty-classpath -sourcepath /var/folders/gm/lzn3ylzx4lz7mx29lftngdz40000gn/T/jarde-raw-receiver-replay-wqkytwev/empty-sourcepath -d /var/folders/gm/lzn3ylzx4lz7mx29lftngdz40000gn/T/jarde-raw-receiver-replay-wqkytwev/original-probe /Users/lordcasser/workspace/projects/jarde/openspec/evidence/raw-receiver-field-selection-2026-10-09/source/ReceiverProbe.java
jdk8/debug/ArrayRawParam/original-run	0	/Library/Java/JavaVirtualMachines/corretto-1.8.0_432/Contents/Home/bin/java -Xverify:all -cp /var/folders/gm/lzn3ylzx4lz7mx29lftngdz40000gn/T/jarde-raw-receiver-replay-wqkytwev/original:/var/folders/gm/lzn3ylzx4lz7mx29lftngdz40000gn/T/jarde-raw-receiver-replay-wqkytwev/original-probe ReceiverProbe ArrayRawParam
jdk8/debug/ArrayRawParam/jarde-ArrayRawParam	0	/private/tmp/jarde-generic-calls-candidate-v8-cli class-source --input /Users/lordcasser/workspace/projects/jarde/openspec/evidence/raw-receiver-field-selection-2026-10-09/jdk8/debug/input/ArrayRawParam.jar --class ArrayRawParam --policy plain-jar --release 8 --format text
jdk8/debug/ArrayRawParam/jarde-ArrayRawParam-source-header	0	nonempty self-describing source
jdk8/debug/ArrayRawParam/jarde-javac	0	/Library/Java/JavaVirtualMachines/corretto-1.8.0_432/Contents/Home/bin/javac -source 8 -target 8 -g -classpath /var/folders/gm/lzn3ylzx4lz7mx29lftngdz40000gn/T/jarde-raw-receiver-replay-wqkytwev/empty-classpath -sourcepath /var/folders/gm/lzn3ylzx4lz7mx29lftngdz40000gn/T/jarde-raw-receiver-replay-wqkytwev/empty-sourcepath -d /var/folders/gm/lzn3ylzx4lz7mx29lftngdz40000gn/T/jarde-raw-receiver-replay-wqkytwev/jarde-classes /Users/lordcasser/workspace/projects/jarde/openspec/changes/recover-same-class-generic-call-consumers/results/candidate/gc09-raw-64-candidate-v8/jdk8/debug/jarde/ArrayRawParam.java /Users/lordcasser/workspace/projects/jarde/openspec/evidence/raw-receiver-field-selection-2026-10-09/source/ReceiverProbe.java
jdk8/debug/ArrayRawParam/jarde-verify-run	0	/Library/Java/JavaVirtualMachines/corretto-1.8.0_432/Contents/Home/bin/java -Xverify:all -cp /var/folders/gm/lzn3ylzx4lz7mx29lftngdz40000gn/T/jarde-raw-receiver-replay-wqkytwev/jarde-classes ReceiverProbe ArrayRawParam
jdk8/debug/ArrayRawParam/jadx	0	/Users/lordcasser/workspace/testzone/jadx/jadx-cli/build/install/jadx/bin/jadx --no-res --single-class ArrayRawParam -d /Users/lordcasser/workspace/projects/jarde/openspec/changes/recover-same-class-generic-call-consumers/results/candidate/gc09-raw-64-candidate-v8/jdk8/debug/jadx/ArrayRawParam /Users/lordcasser/workspace/projects/jarde/openspec/evidence/raw-receiver-field-selection-2026-10-09/jdk8/debug/input/ArrayRawParam.jar
jdk8/debug/ArrayRawParam/jadx-source-header	0	nonempty class source
jdk8/debug/ArrayRawParam/jadx-javac	0	/Library/Java/JavaVirtualMachines/corretto-1.8.0_432/Contents/Home/bin/javac -source 8 -target 8 -g -classpath /var/folders/gm/lzn3ylzx4lz7mx29lftngdz40000gn/T/jarde-raw-receiver-replay-wqkytwev/empty-classpath -sourcepath /var/folders/gm/lzn3ylzx4lz7mx29lftngdz40000gn/T/jarde-raw-receiver-replay-wqkytwev/empty-sourcepath -d /var/folders/gm/lzn3ylzx4lz7mx29lftngdz40000gn/T/jarde-raw-receiver-replay-wqkytwev/jadx-classes /Users/lordcasser/workspace/projects/jarde/openspec/changes/recover-same-class-generic-call-consumers/results/candidate/gc09-raw-64-candidate-v8/jdk8/debug/jadx/ArrayRawParam/sources/defpackage/ArrayRawParam.java /Users/lordcasser/workspace/projects/jarde/openspec/evidence/raw-receiver-field-selection-2026-10-09/source/ReceiverProbe.java
jdk8/debug/ArrayRawParam/jadx-verify-run	0	/Library/Java/JavaVirtualMachines/corretto-1.8.0_432/Contents/Home/bin/java -Xverify:all -cp /var/folders/gm/lzn3ylzx4lz7mx29lftngdz40000gn/T/jarde-raw-receiver-replay-wqkytwev/jadx-classes ReceiverProbe defpackage.ArrayRawParam
jdk8/no-debug/ArrayRawParam/jar-contents	0	/Library/Java/JavaVirtualMachines/corretto-1.8.0_432/Contents/Home/bin/jar tf /Users/lordcasser/workspace/projects/jarde/openspec/evidence/raw-receiver-field-selection-2026-10-09/jdk8/no-debug/input/ArrayRawParam.jar
jdk8/no-debug/ArrayRawParam/original-javac	0	/Library/Java/JavaVirtualMachines/corretto-1.8.0_432/Contents/Home/bin/javac -source 8 -target 8 -g:none -classpath /var/folders/gm/lzn3ylzx4lz7mx29lftngdz40000gn/T/jarde-raw-receiver-replay-kbtb0ahn/empty-classpath -sourcepath /var/folders/gm/lzn3ylzx4lz7mx29lftngdz40000gn/T/jarde-raw-receiver-replay-kbtb0ahn/empty-sourcepath -d /var/folders/gm/lzn3ylzx4lz7mx29lftngdz40000gn/T/jarde-raw-receiver-replay-kbtb0ahn/original /Users/lordcasser/workspace/projects/jarde/openspec/evidence/raw-receiver-field-selection-2026-10-09/source/ArrayRawParam.java
jdk8/no-debug/ArrayRawParam/javap	0	/Library/Java/JavaVirtualMachines/corretto-1.8.0_432/Contents/Home/bin/javap -p -c -s -v -classpath /Users/lordcasser/workspace/projects/jarde/openspec/evidence/raw-receiver-field-selection-2026-10-09/jdk8/no-debug/input/ArrayRawParam.jar ArrayRawParam
jdk8/no-debug/ArrayRawParam/original-probe-javac	0	/Library/Java/JavaVirtualMachines/corretto-1.8.0_432/Contents/Home/bin/javac -source 8 -target 8 -g:none -classpath /var/folders/gm/lzn3ylzx4lz7mx29lftngdz40000gn/T/jarde-raw-receiver-replay-kbtb0ahn/empty-classpath -sourcepath /var/folders/gm/lzn3ylzx4lz7mx29lftngdz40000gn/T/jarde-raw-receiver-replay-kbtb0ahn/empty-sourcepath -d /var/folders/gm/lzn3ylzx4lz7mx29lftngdz40000gn/T/jarde-raw-receiver-replay-kbtb0ahn/original-probe /Users/lordcasser/workspace/projects/jarde/openspec/evidence/raw-receiver-field-selection-2026-10-09/source/ReceiverProbe.java
jdk8/no-debug/ArrayRawParam/original-run	0	/Library/Java/JavaVirtualMachines/corretto-1.8.0_432/Contents/Home/bin/java -Xverify:all -cp /var/folders/gm/lzn3ylzx4lz7mx29lftngdz40000gn/T/jarde-raw-receiver-replay-kbtb0ahn/original:/var/folders/gm/lzn3ylzx4lz7mx29lftngdz40000gn/T/jarde-raw-receiver-replay-kbtb0ahn/original-probe ReceiverProbe ArrayRawParam
jdk8/no-debug/ArrayRawParam/jarde-ArrayRawParam	0	/private/tmp/jarde-generic-calls-candidate-v8-cli class-source --input /Users/lordcasser/workspace/projects/jarde/openspec/evidence/raw-receiver-field-selection-2026-10-09/jdk8/no-debug/input/ArrayRawParam.jar --class ArrayRawParam --policy plain-jar --release 8 --format text
jdk8/no-debug/ArrayRawParam/jarde-ArrayRawParam-source-header	0	nonempty self-describing source
jdk8/no-debug/ArrayRawParam/jarde-javac	0	/Library/Java/JavaVirtualMachines/corretto-1.8.0_432/Contents/Home/bin/javac -source 8 -target 8 -g:none -classpath /var/folders/gm/lzn3ylzx4lz7mx29lftngdz40000gn/T/jarde-raw-receiver-replay-kbtb0ahn/empty-classpath -sourcepath /var/folders/gm/lzn3ylzx4lz7mx29lftngdz40000gn/T/jarde-raw-receiver-replay-kbtb0ahn/empty-sourcepath -d /var/folders/gm/lzn3ylzx4lz7mx29lftngdz40000gn/T/jarde-raw-receiver-replay-kbtb0ahn/jarde-classes /Users/lordcasser/workspace/projects/jarde/openspec/changes/recover-same-class-generic-call-consumers/results/candidate/gc09-raw-64-candidate-v8/jdk8/no-debug/jarde/ArrayRawParam.java /Users/lordcasser/workspace/projects/jarde/openspec/evidence/raw-receiver-field-selection-2026-10-09/source/ReceiverProbe.java
jdk8/no-debug/ArrayRawParam/jarde-verify-run	0	/Library/Java/JavaVirtualMachines/corretto-1.8.0_432/Contents/Home/bin/java -Xverify:all -cp /var/folders/gm/lzn3ylzx4lz7mx29lftngdz40000gn/T/jarde-raw-receiver-replay-kbtb0ahn/jarde-classes ReceiverProbe ArrayRawParam
jdk8/no-debug/ArrayRawParam/jadx	0	/Users/lordcasser/workspace/testzone/jadx/jadx-cli/build/install/jadx/bin/jadx --no-res --single-class ArrayRawParam -d /Users/lordcasser/workspace/projects/jarde/openspec/changes/recover-same-class-generic-call-consumers/results/candidate/gc09-raw-64-candidate-v8/jdk8/no-debug/jadx/ArrayRawParam /Users/lordcasser/workspace/projects/jarde/openspec/evidence/raw-receiver-field-selection-2026-10-09/jdk8/no-debug/input/ArrayRawParam.jar
jdk8/no-debug/ArrayRawParam/jadx-source-header	0	nonempty class source
jdk8/no-debug/ArrayRawParam/jadx-javac	0	/Library/Java/JavaVirtualMachines/corretto-1.8.0_432/Contents/Home/bin/javac -source 8 -target 8 -g:none -classpath /var/folders/gm/lzn3ylzx4lz7mx29lftngdz40000gn/T/jarde-raw-receiver-replay-kbtb0ahn/empty-classpath -sourcepath /var/folders/gm/lzn3ylzx4lz7mx29lftngdz40000gn/T/jarde-raw-receiver-replay-kbtb0ahn/empty-sourcepath -d /var/folders/gm/lzn3ylzx4lz7mx29lftngdz40000gn/T/jarde-raw-receiver-replay-kbtb0ahn/jadx-classes /Users/lordcasser/workspace/projects/jarde/openspec/changes/recover-same-class-generic-call-consumers/results/candidate/gc09-raw-64-candidate-v8/jdk8/no-debug/jadx/ArrayRawParam/sources/defpackage/ArrayRawParam.java /Users/lordcasser/workspace/projects/jarde/openspec/evidence/raw-receiver-field-selection-2026-10-09/source/ReceiverProbe.java
jdk8/no-debug/ArrayRawParam/jadx-verify-run	0	/Library/Java/JavaVirtualMachines/corretto-1.8.0_432/Contents/Home/bin/java -Xverify:all -cp /var/folders/gm/lzn3ylzx4lz7mx29lftngdz40000gn/T/jarde-raw-receiver-replay-kbtb0ahn/jadx-classes ReceiverProbe defpackage.ArrayRawParam
jdk8/debug/Array2DRawParam/jar-contents	0	/Library/Java/JavaVirtualMachines/corretto-1.8.0_432/Contents/Home/bin/jar tf /Users/lordcasser/workspace/projects/jarde/openspec/evidence/raw-receiver-field-selection-2026-10-09/jdk8/debug/input/Array2DRawParam.jar
jdk8/debug/Array2DRawParam/original-javac	0	/Library/Java/JavaVirtualMachines/corretto-1.8.0_432/Contents/Home/bin/javac -source 8 -target 8 -g -classpath /var/folders/gm/lzn3ylzx4lz7mx29lftngdz40000gn/T/jarde-raw-receiver-replay-9q34sv2y/empty-classpath -sourcepath /var/folders/gm/lzn3ylzx4lz7mx29lftngdz40000gn/T/jarde-raw-receiver-replay-9q34sv2y/empty-sourcepath -d /var/folders/gm/lzn3ylzx4lz7mx29lftngdz40000gn/T/jarde-raw-receiver-replay-9q34sv2y/original /Users/lordcasser/workspace/projects/jarde/openspec/evidence/raw-receiver-field-selection-2026-10-09/source/Array2DRawParam.java
jdk8/debug/Array2DRawParam/javap	0	/Library/Java/JavaVirtualMachines/corretto-1.8.0_432/Contents/Home/bin/javap -p -c -s -v -classpath /Users/lordcasser/workspace/projects/jarde/openspec/evidence/raw-receiver-field-selection-2026-10-09/jdk8/debug/input/Array2DRawParam.jar Array2DRawParam
jdk8/debug/Array2DRawParam/original-probe-javac	0	/Library/Java/JavaVirtualMachines/corretto-1.8.0_432/Contents/Home/bin/javac -source 8 -target 8 -g -classpath /var/folders/gm/lzn3ylzx4lz7mx29lftngdz40000gn/T/jarde-raw-receiver-replay-9q34sv2y/empty-classpath -sourcepath /var/folders/gm/lzn3ylzx4lz7mx29lftngdz40000gn/T/jarde-raw-receiver-replay-9q34sv2y/empty-sourcepath -d /var/folders/gm/lzn3ylzx4lz7mx29lftngdz40000gn/T/jarde-raw-receiver-replay-9q34sv2y/original-probe /Users/lordcasser/workspace/projects/jarde/openspec/evidence/raw-receiver-field-selection-2026-10-09/source/ReceiverProbe.java
jdk8/debug/Array2DRawParam/original-run	0	/Library/Java/JavaVirtualMachines/corretto-1.8.0_432/Contents/Home/bin/java -Xverify:all -cp /var/folders/gm/lzn3ylzx4lz7mx29lftngdz40000gn/T/jarde-raw-receiver-replay-9q34sv2y/original:/var/folders/gm/lzn3ylzx4lz7mx29lftngdz40000gn/T/jarde-raw-receiver-replay-9q34sv2y/original-probe ReceiverProbe Array2DRawParam
jdk8/debug/Array2DRawParam/jarde-Array2DRawParam	0	/private/tmp/jarde-generic-calls-candidate-v8-cli class-source --input /Users/lordcasser/workspace/projects/jarde/openspec/evidence/raw-receiver-field-selection-2026-10-09/jdk8/debug/input/Array2DRawParam.jar --class Array2DRawParam --policy plain-jar --release 8 --format text
jdk8/debug/Array2DRawParam/jarde-Array2DRawParam-source-header	0	nonempty self-describing source
jdk8/debug/Array2DRawParam/jarde-javac	0	/Library/Java/JavaVirtualMachines/corretto-1.8.0_432/Contents/Home/bin/javac -source 8 -target 8 -g -classpath /var/folders/gm/lzn3ylzx4lz7mx29lftngdz40000gn/T/jarde-raw-receiver-replay-9q34sv2y/empty-classpath -sourcepath /var/folders/gm/lzn3ylzx4lz7mx29lftngdz40000gn/T/jarde-raw-receiver-replay-9q34sv2y/empty-sourcepath -d /var/folders/gm/lzn3ylzx4lz7mx29lftngdz40000gn/T/jarde-raw-receiver-replay-9q34sv2y/jarde-classes /Users/lordcasser/workspace/projects/jarde/openspec/changes/recover-same-class-generic-call-consumers/results/candidate/gc09-raw-64-candidate-v8/jdk8/debug/jarde/Array2DRawParam.java /Users/lordcasser/workspace/projects/jarde/openspec/evidence/raw-receiver-field-selection-2026-10-09/source/ReceiverProbe.java
jdk8/debug/Array2DRawParam/jarde-verify-run	0	/Library/Java/JavaVirtualMachines/corretto-1.8.0_432/Contents/Home/bin/java -Xverify:all -cp /var/folders/gm/lzn3ylzx4lz7mx29lftngdz40000gn/T/jarde-raw-receiver-replay-9q34sv2y/jarde-classes ReceiverProbe Array2DRawParam
jdk8/debug/Array2DRawParam/jadx	0	/Users/lordcasser/workspace/testzone/jadx/jadx-cli/build/install/jadx/bin/jadx --no-res --single-class Array2DRawParam -d /Users/lordcasser/workspace/projects/jarde/openspec/changes/recover-same-class-generic-call-consumers/results/candidate/gc09-raw-64-candidate-v8/jdk8/debug/jadx/Array2DRawParam /Users/lordcasser/workspace/projects/jarde/openspec/evidence/raw-receiver-field-selection-2026-10-09/jdk8/debug/input/Array2DRawParam.jar
jdk8/debug/Array2DRawParam/jadx-source-header	0	nonempty class source
jdk8/debug/Array2DRawParam/jadx-javac	0	/Library/Java/JavaVirtualMachines/corretto-1.8.0_432/Contents/Home/bin/javac -source 8 -target 8 -g -classpath /var/folders/gm/lzn3ylzx4lz7mx29lftngdz40000gn/T/jarde-raw-receiver-replay-9q34sv2y/empty-classpath -sourcepath /var/folders/gm/lzn3ylzx4lz7mx29lftngdz40000gn/T/jarde-raw-receiver-replay-9q34sv2y/empty-sourcepath -d /var/folders/gm/lzn3ylzx4lz7mx29lftngdz40000gn/T/jarde-raw-receiver-replay-9q34sv2y/jadx-classes /Users/lordcasser/workspace/projects/jarde/openspec/changes/recover-same-class-generic-call-consumers/results/candidate/gc09-raw-64-candidate-v8/jdk8/debug/jadx/Array2DRawParam/sources/defpackage/Array2DRawParam.java /Users/lordcasser/workspace/projects/jarde/openspec/evidence/raw-receiver-field-selection-2026-10-09/source/ReceiverProbe.java
jdk8/debug/Array2DRawParam/jadx-verify-run	0	/Library/Java/JavaVirtualMachines/corretto-1.8.0_432/Contents/Home/bin/java -Xverify:all -cp /var/folders/gm/lzn3ylzx4lz7mx29lftngdz40000gn/T/jarde-raw-receiver-replay-9q34sv2y/jadx-classes ReceiverProbe defpackage.Array2DRawParam
jdk8/no-debug/Array2DRawParam/jar-contents	0	/Library/Java/JavaVirtualMachines/corretto-1.8.0_432/Contents/Home/bin/jar tf /Users/lordcasser/workspace/projects/jarde/openspec/evidence/raw-receiver-field-selection-2026-10-09/jdk8/no-debug/input/Array2DRawParam.jar
jdk8/no-debug/Array2DRawParam/original-javac	0	/Library/Java/JavaVirtualMachines/corretto-1.8.0_432/Contents/Home/bin/javac -source 8 -target 8 -g:none -classpath /var/folders/gm/lzn3ylzx4lz7mx29lftngdz40000gn/T/jarde-raw-receiver-replay-q1pftk_a/empty-classpath -sourcepath /var/folders/gm/lzn3ylzx4lz7mx29lftngdz40000gn/T/jarde-raw-receiver-replay-q1pftk_a/empty-sourcepath -d /var/folders/gm/lzn3ylzx4lz7mx29lftngdz40000gn/T/jarde-raw-receiver-replay-q1pftk_a/original /Users/lordcasser/workspace/projects/jarde/openspec/evidence/raw-receiver-field-selection-2026-10-09/source/Array2DRawParam.java
jdk8/no-debug/Array2DRawParam/javap	0	/Library/Java/JavaVirtualMachines/corretto-1.8.0_432/Contents/Home/bin/javap -p -c -s -v -classpath /Users/lordcasser/workspace/projects/jarde/openspec/evidence/raw-receiver-field-selection-2026-10-09/jdk8/no-debug/input/Array2DRawParam.jar Array2DRawParam
jdk8/no-debug/Array2DRawParam/original-probe-javac	0	/Library/Java/JavaVirtualMachines/corretto-1.8.0_432/Contents/Home/bin/javac -source 8 -target 8 -g:none -classpath /var/folders/gm/lzn3ylzx4lz7mx29lftngdz40000gn/T/jarde-raw-receiver-replay-q1pftk_a/empty-classpath -sourcepath /var/folders/gm/lzn3ylzx4lz7mx29lftngdz40000gn/T/jarde-raw-receiver-replay-q1pftk_a/empty-sourcepath -d /var/folders/gm/lzn3ylzx4lz7mx29lftngdz40000gn/T/jarde-raw-receiver-replay-q1pftk_a/original-probe /Users/lordcasser/workspace/projects/jarde/openspec/evidence/raw-receiver-field-selection-2026-10-09/source/ReceiverProbe.java
jdk8/no-debug/Array2DRawParam/original-run	0	/Library/Java/JavaVirtualMachines/corretto-1.8.0_432/Contents/Home/bin/java -Xverify:all -cp /var/folders/gm/lzn3ylzx4lz7mx29lftngdz40000gn/T/jarde-raw-receiver-replay-q1pftk_a/original:/var/folders/gm/lzn3ylzx4lz7mx29lftngdz40000gn/T/jarde-raw-receiver-replay-q1pftk_a/original-probe ReceiverProbe Array2DRawParam
jdk8/no-debug/Array2DRawParam/jarde-Array2DRawParam	0	/private/tmp/jarde-generic-calls-candidate-v8-cli class-source --input /Users/lordcasser/workspace/projects/jarde/openspec/evidence/raw-receiver-field-selection-2026-10-09/jdk8/no-debug/input/Array2DRawParam.jar --class Array2DRawParam --policy plain-jar --release 8 --format text
jdk8/no-debug/Array2DRawParam/jarde-Array2DRawParam-source-header	0	nonempty self-describing source
jdk8/no-debug/Array2DRawParam/jarde-javac	0	/Library/Java/JavaVirtualMachines/corretto-1.8.0_432/Contents/Home/bin/javac -source 8 -target 8 -g:none -classpath /var/folders/gm/lzn3ylzx4lz7mx29lftngdz40000gn/T/jarde-raw-receiver-replay-q1pftk_a/empty-classpath -sourcepath /var/folders/gm/lzn3ylzx4lz7mx29lftngdz40000gn/T/jarde-raw-receiver-replay-q1pftk_a/empty-sourcepath -d /var/folders/gm/lzn3ylzx4lz7mx29lftngdz40000gn/T/jarde-raw-receiver-replay-q1pftk_a/jarde-classes /Users/lordcasser/workspace/projects/jarde/openspec/changes/recover-same-class-generic-call-consumers/results/candidate/gc09-raw-64-candidate-v8/jdk8/no-debug/jarde/Array2DRawParam.java /Users/lordcasser/workspace/projects/jarde/openspec/evidence/raw-receiver-field-selection-2026-10-09/source/ReceiverProbe.java
jdk8/no-debug/Array2DRawParam/jarde-verify-run	0	/Library/Java/JavaVirtualMachines/corretto-1.8.0_432/Contents/Home/bin/java -Xverify:all -cp /var/folders/gm/lzn3ylzx4lz7mx29lftngdz40000gn/T/jarde-raw-receiver-replay-q1pftk_a/jarde-classes ReceiverProbe Array2DRawParam
jdk8/no-debug/Array2DRawParam/jadx	0	/Users/lordcasser/workspace/testzone/jadx/jadx-cli/build/install/jadx/bin/jadx --no-res --single-class Array2DRawParam -d /Users/lordcasser/workspace/projects/jarde/openspec/changes/recover-same-class-generic-call-consumers/results/candidate/gc09-raw-64-candidate-v8/jdk8/no-debug/jadx/Array2DRawParam /Users/lordcasser/workspace/projects/jarde/openspec/evidence/raw-receiver-field-selection-2026-10-09/jdk8/no-debug/input/Array2DRawParam.jar
jdk8/no-debug/Array2DRawParam/jadx-source-header	0	nonempty class source
jdk8/no-debug/Array2DRawParam/jadx-javac	0	/Library/Java/JavaVirtualMachines/corretto-1.8.0_432/Contents/Home/bin/javac -source 8 -target 8 -g:none -classpath /var/folders/gm/lzn3ylzx4lz7mx29lftngdz40000gn/T/jarde-raw-receiver-replay-q1pftk_a/empty-classpath -sourcepath /var/folders/gm/lzn3ylzx4lz7mx29lftngdz40000gn/T/jarde-raw-receiver-replay-q1pftk_a/empty-sourcepath -d /var/folders/gm/lzn3ylzx4lz7mx29lftngdz40000gn/T/jarde-raw-receiver-replay-q1pftk_a/jadx-classes /Users/lordcasser/workspace/projects/jarde/openspec/changes/recover-same-class-generic-call-consumers/results/candidate/gc09-raw-64-candidate-v8/jdk8/no-debug/jadx/Array2DRawParam/sources/defpackage/Array2DRawParam.java /Users/lordcasser/workspace/projects/jarde/openspec/evidence/raw-receiver-field-selection-2026-10-09/source/ReceiverProbe.java
jdk8/no-debug/Array2DRawParam/jadx-verify-run	0	/Library/Java/JavaVirtualMachines/corretto-1.8.0_432/Contents/Home/bin/java -Xverify:all -cp /var/folders/gm/lzn3ylzx4lz7mx29lftngdz40000gn/T/jarde-raw-receiver-replay-q1pftk_a/jadx-classes ReceiverProbe defpackage.Array2DRawParam
jdk8/debug/PrimitiveArrayRawParam/jar-contents	0	/Library/Java/JavaVirtualMachines/corretto-1.8.0_432/Contents/Home/bin/jar tf /Users/lordcasser/workspace/projects/jarde/openspec/evidence/raw-receiver-field-selection-2026-10-09/jdk8/debug/input/PrimitiveArrayRawParam.jar
jdk8/debug/PrimitiveArrayRawParam/original-javac	0	/Library/Java/JavaVirtualMachines/corretto-1.8.0_432/Contents/Home/bin/javac -source 8 -target 8 -g -classpath /var/folders/gm/lzn3ylzx4lz7mx29lftngdz40000gn/T/jarde-raw-receiver-replay-7l5spv91/empty-classpath -sourcepath /var/folders/gm/lzn3ylzx4lz7mx29lftngdz40000gn/T/jarde-raw-receiver-replay-7l5spv91/empty-sourcepath -d /var/folders/gm/lzn3ylzx4lz7mx29lftngdz40000gn/T/jarde-raw-receiver-replay-7l5spv91/original /Users/lordcasser/workspace/projects/jarde/openspec/evidence/raw-receiver-field-selection-2026-10-09/source/PrimitiveArrayRawParam.java
jdk8/debug/PrimitiveArrayRawParam/javap	0	/Library/Java/JavaVirtualMachines/corretto-1.8.0_432/Contents/Home/bin/javap -p -c -s -v -classpath /Users/lordcasser/workspace/projects/jarde/openspec/evidence/raw-receiver-field-selection-2026-10-09/jdk8/debug/input/PrimitiveArrayRawParam.jar PrimitiveArrayRawParam
jdk8/debug/PrimitiveArrayRawParam/original-probe-javac	0	/Library/Java/JavaVirtualMachines/corretto-1.8.0_432/Contents/Home/bin/javac -source 8 -target 8 -g -classpath /var/folders/gm/lzn3ylzx4lz7mx29lftngdz40000gn/T/jarde-raw-receiver-replay-7l5spv91/empty-classpath -sourcepath /var/folders/gm/lzn3ylzx4lz7mx29lftngdz40000gn/T/jarde-raw-receiver-replay-7l5spv91/empty-sourcepath -d /var/folders/gm/lzn3ylzx4lz7mx29lftngdz40000gn/T/jarde-raw-receiver-replay-7l5spv91/original-probe /Users/lordcasser/workspace/projects/jarde/openspec/evidence/raw-receiver-field-selection-2026-10-09/source/ReceiverProbe.java
jdk8/debug/PrimitiveArrayRawParam/original-run	0	/Library/Java/JavaVirtualMachines/corretto-1.8.0_432/Contents/Home/bin/java -Xverify:all -cp /var/folders/gm/lzn3ylzx4lz7mx29lftngdz40000gn/T/jarde-raw-receiver-replay-7l5spv91/original:/var/folders/gm/lzn3ylzx4lz7mx29lftngdz40000gn/T/jarde-raw-receiver-replay-7l5spv91/original-probe ReceiverProbe PrimitiveArrayRawParam
jdk8/debug/PrimitiveArrayRawParam/jarde-PrimitiveArrayRawParam	0	/private/tmp/jarde-generic-calls-candidate-v8-cli class-source --input /Users/lordcasser/workspace/projects/jarde/openspec/evidence/raw-receiver-field-selection-2026-10-09/jdk8/debug/input/PrimitiveArrayRawParam.jar --class PrimitiveArrayRawParam --policy plain-jar --release 8 --format text
jdk8/debug/PrimitiveArrayRawParam/jarde-PrimitiveArrayRawParam-source-header	0	nonempty self-describing source
jdk8/debug/PrimitiveArrayRawParam/jarde-javac	0	/Library/Java/JavaVirtualMachines/corretto-1.8.0_432/Contents/Home/bin/javac -source 8 -target 8 -g -classpath /var/folders/gm/lzn3ylzx4lz7mx29lftngdz40000gn/T/jarde-raw-receiver-replay-7l5spv91/empty-classpath -sourcepath /var/folders/gm/lzn3ylzx4lz7mx29lftngdz40000gn/T/jarde-raw-receiver-replay-7l5spv91/empty-sourcepath -d /var/folders/gm/lzn3ylzx4lz7mx29lftngdz40000gn/T/jarde-raw-receiver-replay-7l5spv91/jarde-classes /Users/lordcasser/workspace/projects/jarde/openspec/changes/recover-same-class-generic-call-consumers/results/candidate/gc09-raw-64-candidate-v8/jdk8/debug/jarde/PrimitiveArrayRawParam.java /Users/lordcasser/workspace/projects/jarde/openspec/evidence/raw-receiver-field-selection-2026-10-09/source/ReceiverProbe.java
jdk8/debug/PrimitiveArrayRawParam/jarde-verify-run	0	/Library/Java/JavaVirtualMachines/corretto-1.8.0_432/Contents/Home/bin/java -Xverify:all -cp /var/folders/gm/lzn3ylzx4lz7mx29lftngdz40000gn/T/jarde-raw-receiver-replay-7l5spv91/jarde-classes ReceiverProbe PrimitiveArrayRawParam
jdk8/debug/PrimitiveArrayRawParam/jadx	0	/Users/lordcasser/workspace/testzone/jadx/jadx-cli/build/install/jadx/bin/jadx --no-res --single-class PrimitiveArrayRawParam -d /Users/lordcasser/workspace/projects/jarde/openspec/changes/recover-same-class-generic-call-consumers/results/candidate/gc09-raw-64-candidate-v8/jdk8/debug/jadx/PrimitiveArrayRawParam /Users/lordcasser/workspace/projects/jarde/openspec/evidence/raw-receiver-field-selection-2026-10-09/jdk8/debug/input/PrimitiveArrayRawParam.jar
jdk8/debug/PrimitiveArrayRawParam/jadx-source-header	0	nonempty class source
jdk8/debug/PrimitiveArrayRawParam/jadx-javac	0	/Library/Java/JavaVirtualMachines/corretto-1.8.0_432/Contents/Home/bin/javac -source 8 -target 8 -g -classpath /var/folders/gm/lzn3ylzx4lz7mx29lftngdz40000gn/T/jarde-raw-receiver-replay-7l5spv91/empty-classpath -sourcepath /var/folders/gm/lzn3ylzx4lz7mx29lftngdz40000gn/T/jarde-raw-receiver-replay-7l5spv91/empty-sourcepath -d /var/folders/gm/lzn3ylzx4lz7mx29lftngdz40000gn/T/jarde-raw-receiver-replay-7l5spv91/jadx-classes /Users/lordcasser/workspace/projects/jarde/openspec/changes/recover-same-class-generic-call-consumers/results/candidate/gc09-raw-64-candidate-v8/jdk8/debug/jadx/PrimitiveArrayRawParam/sources/defpackage/PrimitiveArrayRawParam.java /Users/lordcasser/workspace/projects/jarde/openspec/evidence/raw-receiver-field-selection-2026-10-09/source/ReceiverProbe.java
jdk8/debug/PrimitiveArrayRawParam/jadx-verify-run	0	/Library/Java/JavaVirtualMachines/corretto-1.8.0_432/Contents/Home/bin/java -Xverify:all -cp /var/folders/gm/lzn3ylzx4lz7mx29lftngdz40000gn/T/jarde-raw-receiver-replay-7l5spv91/jadx-classes ReceiverProbe defpackage.PrimitiveArrayRawParam
jdk8/no-debug/PrimitiveArrayRawParam/jar-contents	0	/Library/Java/JavaVirtualMachines/corretto-1.8.0_432/Contents/Home/bin/jar tf /Users/lordcasser/workspace/projects/jarde/openspec/evidence/raw-receiver-field-selection-2026-10-09/jdk8/no-debug/input/PrimitiveArrayRawParam.jar
jdk8/no-debug/PrimitiveArrayRawParam/original-javac	0	/Library/Java/JavaVirtualMachines/corretto-1.8.0_432/Contents/Home/bin/javac -source 8 -target 8 -g:none -classpath /var/folders/gm/lzn3ylzx4lz7mx29lftngdz40000gn/T/jarde-raw-receiver-replay-oubn_c24/empty-classpath -sourcepath /var/folders/gm/lzn3ylzx4lz7mx29lftngdz40000gn/T/jarde-raw-receiver-replay-oubn_c24/empty-sourcepath -d /var/folders/gm/lzn3ylzx4lz7mx29lftngdz40000gn/T/jarde-raw-receiver-replay-oubn_c24/original /Users/lordcasser/workspace/projects/jarde/openspec/evidence/raw-receiver-field-selection-2026-10-09/source/PrimitiveArrayRawParam.java
jdk8/no-debug/PrimitiveArrayRawParam/javap	0	/Library/Java/JavaVirtualMachines/corretto-1.8.0_432/Contents/Home/bin/javap -p -c -s -v -classpath /Users/lordcasser/workspace/projects/jarde/openspec/evidence/raw-receiver-field-selection-2026-10-09/jdk8/no-debug/input/PrimitiveArrayRawParam.jar PrimitiveArrayRawParam
jdk8/no-debug/PrimitiveArrayRawParam/original-probe-javac	0	/Library/Java/JavaVirtualMachines/corretto-1.8.0_432/Contents/Home/bin/javac -source 8 -target 8 -g:none -classpath /var/folders/gm/lzn3ylzx4lz7mx29lftngdz40000gn/T/jarde-raw-receiver-replay-oubn_c24/empty-classpath -sourcepath /var/folders/gm/lzn3ylzx4lz7mx29lftngdz40000gn/T/jarde-raw-receiver-replay-oubn_c24/empty-sourcepath -d /var/folders/gm/lzn3ylzx4lz7mx29lftngdz40000gn/T/jarde-raw-receiver-replay-oubn_c24/original-probe /Users/lordcasser/workspace/projects/jarde/openspec/evidence/raw-receiver-field-selection-2026-10-09/source/ReceiverProbe.java
jdk8/no-debug/PrimitiveArrayRawParam/original-run	0	/Library/Java/JavaVirtualMachines/corretto-1.8.0_432/Contents/Home/bin/java -Xverify:all -cp /var/folders/gm/lzn3ylzx4lz7mx29lftngdz40000gn/T/jarde-raw-receiver-replay-oubn_c24/original:/var/folders/gm/lzn3ylzx4lz7mx29lftngdz40000gn/T/jarde-raw-receiver-replay-oubn_c24/original-probe ReceiverProbe PrimitiveArrayRawParam
jdk8/no-debug/PrimitiveArrayRawParam/jarde-PrimitiveArrayRawParam	0	/private/tmp/jarde-generic-calls-candidate-v8-cli class-source --input /Users/lordcasser/workspace/projects/jarde/openspec/evidence/raw-receiver-field-selection-2026-10-09/jdk8/no-debug/input/PrimitiveArrayRawParam.jar --class PrimitiveArrayRawParam --policy plain-jar --release 8 --format text
jdk8/no-debug/PrimitiveArrayRawParam/jarde-PrimitiveArrayRawParam-source-header	0	nonempty self-describing source
jdk8/no-debug/PrimitiveArrayRawParam/jarde-javac	0	/Library/Java/JavaVirtualMachines/corretto-1.8.0_432/Contents/Home/bin/javac -source 8 -target 8 -g:none -classpath /var/folders/gm/lzn3ylzx4lz7mx29lftngdz40000gn/T/jarde-raw-receiver-replay-oubn_c24/empty-classpath -sourcepath /var/folders/gm/lzn3ylzx4lz7mx29lftngdz40000gn/T/jarde-raw-receiver-replay-oubn_c24/empty-sourcepath -d /var/folders/gm/lzn3ylzx4lz7mx29lftngdz40000gn/T/jarde-raw-receiver-replay-oubn_c24/jarde-classes /Users/lordcasser/workspace/projects/jarde/openspec/changes/recover-same-class-generic-call-consumers/results/candidate/gc09-raw-64-candidate-v8/jdk8/no-debug/jarde/PrimitiveArrayRawParam.java /Users/lordcasser/workspace/projects/jarde/openspec/evidence/raw-receiver-field-selection-2026-10-09/source/ReceiverProbe.java
jdk8/no-debug/PrimitiveArrayRawParam/jarde-verify-run	0	/Library/Java/JavaVirtualMachines/corretto-1.8.0_432/Contents/Home/bin/java -Xverify:all -cp /var/folders/gm/lzn3ylzx4lz7mx29lftngdz40000gn/T/jarde-raw-receiver-replay-oubn_c24/jarde-classes ReceiverProbe PrimitiveArrayRawParam
jdk8/no-debug/PrimitiveArrayRawParam/jadx	0	/Users/lordcasser/workspace/testzone/jadx/jadx-cli/build/install/jadx/bin/jadx --no-res --single-class PrimitiveArrayRawParam -d /Users/lordcasser/workspace/projects/jarde/openspec/changes/recover-same-class-generic-call-consumers/results/candidate/gc09-raw-64-candidate-v8/jdk8/no-debug/jadx/PrimitiveArrayRawParam /Users/lordcasser/workspace/projects/jarde/openspec/evidence/raw-receiver-field-selection-2026-10-09/jdk8/no-debug/input/PrimitiveArrayRawParam.jar
jdk8/no-debug/PrimitiveArrayRawParam/jadx-source-header	0	nonempty class source
jdk8/no-debug/PrimitiveArrayRawParam/jadx-javac	0	/Library/Java/JavaVirtualMachines/corretto-1.8.0_432/Contents/Home/bin/javac -source 8 -target 8 -g:none -classpath /var/folders/gm/lzn3ylzx4lz7mx29lftngdz40000gn/T/jarde-raw-receiver-replay-oubn_c24/empty-classpath -sourcepath /var/folders/gm/lzn3ylzx4lz7mx29lftngdz40000gn/T/jarde-raw-receiver-replay-oubn_c24/empty-sourcepath -d /var/folders/gm/lzn3ylzx4lz7mx29lftngdz40000gn/T/jarde-raw-receiver-replay-oubn_c24/jadx-classes /Users/lordcasser/workspace/projects/jarde/openspec/changes/recover-same-class-generic-call-consumers/results/candidate/gc09-raw-64-candidate-v8/jdk8/no-debug/jadx/PrimitiveArrayRawParam/sources/defpackage/PrimitiveArrayRawParam.java /Users/lordcasser/workspace/projects/jarde/openspec/evidence/raw-receiver-field-selection-2026-10-09/source/ReceiverProbe.java
jdk8/no-debug/PrimitiveArrayRawParam/jadx-verify-run	0	/Library/Java/JavaVirtualMachines/corretto-1.8.0_432/Contents/Home/bin/java -Xverify:all -cp /var/folders/gm/lzn3ylzx4lz7mx29lftngdz40000gn/T/jarde-raw-receiver-replay-oubn_c24/jadx-classes ReceiverProbe defpackage.PrimitiveArrayRawParam
jdk8/debug/BoundRawParam/jar-contents	0	/Library/Java/JavaVirtualMachines/corretto-1.8.0_432/Contents/Home/bin/jar tf /Users/lordcasser/workspace/projects/jarde/openspec/evidence/raw-receiver-field-selection-2026-10-09/jdk8/debug/input/BoundRawParam.jar
jdk8/debug/BoundRawParam/original-javac	0	/Library/Java/JavaVirtualMachines/corretto-1.8.0_432/Contents/Home/bin/javac -source 8 -target 8 -g -classpath /var/folders/gm/lzn3ylzx4lz7mx29lftngdz40000gn/T/jarde-raw-receiver-replay-e4cjwm9h/empty-classpath -sourcepath /var/folders/gm/lzn3ylzx4lz7mx29lftngdz40000gn/T/jarde-raw-receiver-replay-e4cjwm9h/empty-sourcepath -d /var/folders/gm/lzn3ylzx4lz7mx29lftngdz40000gn/T/jarde-raw-receiver-replay-e4cjwm9h/original /Users/lordcasser/workspace/projects/jarde/openspec/evidence/raw-receiver-field-selection-2026-10-09/source/BoundRawParam.java
jdk8/debug/BoundRawParam/javap	0	/Library/Java/JavaVirtualMachines/corretto-1.8.0_432/Contents/Home/bin/javap -p -c -s -v -classpath /Users/lordcasser/workspace/projects/jarde/openspec/evidence/raw-receiver-field-selection-2026-10-09/jdk8/debug/input/BoundRawParam.jar BoundRawParam
jdk8/debug/BoundRawParam/original-probe-javac	0	/Library/Java/JavaVirtualMachines/corretto-1.8.0_432/Contents/Home/bin/javac -source 8 -target 8 -g -classpath /var/folders/gm/lzn3ylzx4lz7mx29lftngdz40000gn/T/jarde-raw-receiver-replay-e4cjwm9h/empty-classpath -sourcepath /var/folders/gm/lzn3ylzx4lz7mx29lftngdz40000gn/T/jarde-raw-receiver-replay-e4cjwm9h/empty-sourcepath -d /var/folders/gm/lzn3ylzx4lz7mx29lftngdz40000gn/T/jarde-raw-receiver-replay-e4cjwm9h/original-probe /Users/lordcasser/workspace/projects/jarde/openspec/evidence/raw-receiver-field-selection-2026-10-09/source/ReceiverProbe.java
jdk8/debug/BoundRawParam/original-run	0	/Library/Java/JavaVirtualMachines/corretto-1.8.0_432/Contents/Home/bin/java -Xverify:all -cp /var/folders/gm/lzn3ylzx4lz7mx29lftngdz40000gn/T/jarde-raw-receiver-replay-e4cjwm9h/original:/var/folders/gm/lzn3ylzx4lz7mx29lftngdz40000gn/T/jarde-raw-receiver-replay-e4cjwm9h/original-probe ReceiverProbe BoundRawParam
jdk8/debug/BoundRawParam/jarde-BoundRawParam	0	/private/tmp/jarde-generic-calls-candidate-v8-cli class-source --input /Users/lordcasser/workspace/projects/jarde/openspec/evidence/raw-receiver-field-selection-2026-10-09/jdk8/debug/input/BoundRawParam.jar --class BoundRawParam --policy plain-jar --release 8 --format text
jdk8/debug/BoundRawParam/jarde-BoundRawParam-source-header	0	nonempty self-describing source
jdk8/debug/BoundRawParam/jarde-javac	0	/Library/Java/JavaVirtualMachines/corretto-1.8.0_432/Contents/Home/bin/javac -source 8 -target 8 -g -classpath /var/folders/gm/lzn3ylzx4lz7mx29lftngdz40000gn/T/jarde-raw-receiver-replay-e4cjwm9h/empty-classpath -sourcepath /var/folders/gm/lzn3ylzx4lz7mx29lftngdz40000gn/T/jarde-raw-receiver-replay-e4cjwm9h/empty-sourcepath -d /var/folders/gm/lzn3ylzx4lz7mx29lftngdz40000gn/T/jarde-raw-receiver-replay-e4cjwm9h/jarde-classes /Users/lordcasser/workspace/projects/jarde/openspec/changes/recover-same-class-generic-call-consumers/results/candidate/gc09-raw-64-candidate-v8/jdk8/debug/jarde/BoundRawParam.java /Users/lordcasser/workspace/projects/jarde/openspec/evidence/raw-receiver-field-selection-2026-10-09/source/ReceiverProbe.java
jdk8/debug/BoundRawParam/jarde-verify-run	0	/Library/Java/JavaVirtualMachines/corretto-1.8.0_432/Contents/Home/bin/java -Xverify:all -cp /var/folders/gm/lzn3ylzx4lz7mx29lftngdz40000gn/T/jarde-raw-receiver-replay-e4cjwm9h/jarde-classes ReceiverProbe BoundRawParam
jdk8/debug/BoundRawParam/jadx	0	/Users/lordcasser/workspace/testzone/jadx/jadx-cli/build/install/jadx/bin/jadx --no-res --single-class BoundRawParam -d /Users/lordcasser/workspace/projects/jarde/openspec/changes/recover-same-class-generic-call-consumers/results/candidate/gc09-raw-64-candidate-v8/jdk8/debug/jadx/BoundRawParam /Users/lordcasser/workspace/projects/jarde/openspec/evidence/raw-receiver-field-selection-2026-10-09/jdk8/debug/input/BoundRawParam.jar
jdk8/debug/BoundRawParam/jadx-source-header	0	nonempty class source
jdk8/debug/BoundRawParam/jadx-javac	0	/Library/Java/JavaVirtualMachines/corretto-1.8.0_432/Contents/Home/bin/javac -source 8 -target 8 -g -classpath /var/folders/gm/lzn3ylzx4lz7mx29lftngdz40000gn/T/jarde-raw-receiver-replay-e4cjwm9h/empty-classpath -sourcepath /var/folders/gm/lzn3ylzx4lz7mx29lftngdz40000gn/T/jarde-raw-receiver-replay-e4cjwm9h/empty-sourcepath -d /var/folders/gm/lzn3ylzx4lz7mx29lftngdz40000gn/T/jarde-raw-receiver-replay-e4cjwm9h/jadx-classes /Users/lordcasser/workspace/projects/jarde/openspec/changes/recover-same-class-generic-call-consumers/results/candidate/gc09-raw-64-candidate-v8/jdk8/debug/jadx/BoundRawParam/sources/defpackage/BoundRawParam.java /Users/lordcasser/workspace/projects/jarde/openspec/evidence/raw-receiver-field-selection-2026-10-09/source/ReceiverProbe.java
jdk8/debug/BoundRawParam/jadx-verify-run	0	/Library/Java/JavaVirtualMachines/corretto-1.8.0_432/Contents/Home/bin/java -Xverify:all -cp /var/folders/gm/lzn3ylzx4lz7mx29lftngdz40000gn/T/jarde-raw-receiver-replay-e4cjwm9h/jadx-classes ReceiverProbe defpackage.BoundRawParam
jdk8/no-debug/BoundRawParam/jar-contents	0	/Library/Java/JavaVirtualMachines/corretto-1.8.0_432/Contents/Home/bin/jar tf /Users/lordcasser/workspace/projects/jarde/openspec/evidence/raw-receiver-field-selection-2026-10-09/jdk8/no-debug/input/BoundRawParam.jar
jdk8/no-debug/BoundRawParam/original-javac	0	/Library/Java/JavaVirtualMachines/corretto-1.8.0_432/Contents/Home/bin/javac -source 8 -target 8 -g:none -classpath /var/folders/gm/lzn3ylzx4lz7mx29lftngdz40000gn/T/jarde-raw-receiver-replay-6oegw3wf/empty-classpath -sourcepath /var/folders/gm/lzn3ylzx4lz7mx29lftngdz40000gn/T/jarde-raw-receiver-replay-6oegw3wf/empty-sourcepath -d /var/folders/gm/lzn3ylzx4lz7mx29lftngdz40000gn/T/jarde-raw-receiver-replay-6oegw3wf/original /Users/lordcasser/workspace/projects/jarde/openspec/evidence/raw-receiver-field-selection-2026-10-09/source/BoundRawParam.java
jdk8/no-debug/BoundRawParam/javap	0	/Library/Java/JavaVirtualMachines/corretto-1.8.0_432/Contents/Home/bin/javap -p -c -s -v -classpath /Users/lordcasser/workspace/projects/jarde/openspec/evidence/raw-receiver-field-selection-2026-10-09/jdk8/no-debug/input/BoundRawParam.jar BoundRawParam
jdk8/no-debug/BoundRawParam/original-probe-javac	0	/Library/Java/JavaVirtualMachines/corretto-1.8.0_432/Contents/Home/bin/javac -source 8 -target 8 -g:none -classpath /var/folders/gm/lzn3ylzx4lz7mx29lftngdz40000gn/T/jarde-raw-receiver-replay-6oegw3wf/empty-classpath -sourcepath /var/folders/gm/lzn3ylzx4lz7mx29lftngdz40000gn/T/jarde-raw-receiver-replay-6oegw3wf/empty-sourcepath -d /var/folders/gm/lzn3ylzx4lz7mx29lftngdz40000gn/T/jarde-raw-receiver-replay-6oegw3wf/original-probe /Users/lordcasser/workspace/projects/jarde/openspec/evidence/raw-receiver-field-selection-2026-10-09/source/ReceiverProbe.java
jdk8/no-debug/BoundRawParam/original-run	0	/Library/Java/JavaVirtualMachines/corretto-1.8.0_432/Contents/Home/bin/java -Xverify:all -cp /var/folders/gm/lzn3ylzx4lz7mx29lftngdz40000gn/T/jarde-raw-receiver-replay-6oegw3wf/original:/var/folders/gm/lzn3ylzx4lz7mx29lftngdz40000gn/T/jarde-raw-receiver-replay-6oegw3wf/original-probe ReceiverProbe BoundRawParam
jdk8/no-debug/BoundRawParam/jarde-BoundRawParam	0	/private/tmp/jarde-generic-calls-candidate-v8-cli class-source --input /Users/lordcasser/workspace/projects/jarde/openspec/evidence/raw-receiver-field-selection-2026-10-09/jdk8/no-debug/input/BoundRawParam.jar --class BoundRawParam --policy plain-jar --release 8 --format text
jdk8/no-debug/BoundRawParam/jarde-BoundRawParam-source-header	0	nonempty self-describing source
jdk8/no-debug/BoundRawParam/jarde-javac	0	/Library/Java/JavaVirtualMachines/corretto-1.8.0_432/Contents/Home/bin/javac -source 8 -target 8 -g:none -classpath /var/folders/gm/lzn3ylzx4lz7mx29lftngdz40000gn/T/jarde-raw-receiver-replay-6oegw3wf/empty-classpath -sourcepath /var/folders/gm/lzn3ylzx4lz7mx29lftngdz40000gn/T/jarde-raw-receiver-replay-6oegw3wf/empty-sourcepath -d /var/folders/gm/lzn3ylzx4lz7mx29lftngdz40000gn/T/jarde-raw-receiver-replay-6oegw3wf/jarde-classes /Users/lordcasser/workspace/projects/jarde/openspec/changes/recover-same-class-generic-call-consumers/results/candidate/gc09-raw-64-candidate-v8/jdk8/no-debug/jarde/BoundRawParam.java /Users/lordcasser/workspace/projects/jarde/openspec/evidence/raw-receiver-field-selection-2026-10-09/source/ReceiverProbe.java
jdk8/no-debug/BoundRawParam/jarde-verify-run	0	/Library/Java/JavaVirtualMachines/corretto-1.8.0_432/Contents/Home/bin/java -Xverify:all -cp /var/folders/gm/lzn3ylzx4lz7mx29lftngdz40000gn/T/jarde-raw-receiver-replay-6oegw3wf/jarde-classes ReceiverProbe BoundRawParam
jdk8/no-debug/BoundRawParam/jadx	0	/Users/lordcasser/workspace/testzone/jadx/jadx-cli/build/install/jadx/bin/jadx --no-res --single-class BoundRawParam -d /Users/lordcasser/workspace/projects/jarde/openspec/changes/recover-same-class-generic-call-consumers/results/candidate/gc09-raw-64-candidate-v8/jdk8/no-debug/jadx/BoundRawParam /Users/lordcasser/workspace/projects/jarde/openspec/evidence/raw-receiver-field-selection-2026-10-09/jdk8/no-debug/input/BoundRawParam.jar
jdk8/no-debug/BoundRawParam/jadx-source-header	0	nonempty class source
jdk8/no-debug/BoundRawParam/jadx-javac	0	/Library/Java/JavaVirtualMachines/corretto-1.8.0_432/Contents/Home/bin/javac -source 8 -target 8 -g:none -classpath /var/folders/gm/lzn3ylzx4lz7mx29lftngdz40000gn/T/jarde-raw-receiver-replay-6oegw3wf/empty-classpath -sourcepath /var/folders/gm/lzn3ylzx4lz7mx29lftngdz40000gn/T/jarde-raw-receiver-replay-6oegw3wf/empty-sourcepath -d /var/folders/gm/lzn3ylzx4lz7mx29lftngdz40000gn/T/jarde-raw-receiver-replay-6oegw3wf/jadx-classes /Users/lordcasser/workspace/projects/jarde/openspec/changes/recover-same-class-generic-call-consumers/results/candidate/gc09-raw-64-candidate-v8/jdk8/no-debug/jadx/BoundRawParam/sources/defpackage/BoundRawParam.java /Users/lordcasser/workspace/projects/jarde/openspec/evidence/raw-receiver-field-selection-2026-10-09/source/ReceiverProbe.java
jdk8/no-debug/BoundRawParam/jadx-verify-run	0	/Library/Java/JavaVirtualMachines/corretto-1.8.0_432/Contents/Home/bin/java -Xverify:all -cp /var/folders/gm/lzn3ylzx4lz7mx29lftngdz40000gn/T/jarde-raw-receiver-replay-6oegw3wf/jadx-classes ReceiverProbe defpackage.BoundRawParam
jdk8/debug/NullRawParam/jar-contents	0	/Library/Java/JavaVirtualMachines/corretto-1.8.0_432/Contents/Home/bin/jar tf /Users/lordcasser/workspace/projects/jarde/openspec/evidence/raw-receiver-field-selection-2026-10-09/jdk8/debug/input/NullRawParam.jar
jdk8/debug/NullRawParam/original-javac	0	/Library/Java/JavaVirtualMachines/corretto-1.8.0_432/Contents/Home/bin/javac -source 8 -target 8 -g -classpath /var/folders/gm/lzn3ylzx4lz7mx29lftngdz40000gn/T/jarde-raw-receiver-replay-yu8j6vl1/empty-classpath -sourcepath /var/folders/gm/lzn3ylzx4lz7mx29lftngdz40000gn/T/jarde-raw-receiver-replay-yu8j6vl1/empty-sourcepath -d /var/folders/gm/lzn3ylzx4lz7mx29lftngdz40000gn/T/jarde-raw-receiver-replay-yu8j6vl1/original /Users/lordcasser/workspace/projects/jarde/openspec/evidence/raw-receiver-field-selection-2026-10-09/source/NullRawParam.java
jdk8/debug/NullRawParam/javap	0	/Library/Java/JavaVirtualMachines/corretto-1.8.0_432/Contents/Home/bin/javap -p -c -s -v -classpath /Users/lordcasser/workspace/projects/jarde/openspec/evidence/raw-receiver-field-selection-2026-10-09/jdk8/debug/input/NullRawParam.jar NullRawParam
jdk8/debug/NullRawParam/original-probe-javac	0	/Library/Java/JavaVirtualMachines/corretto-1.8.0_432/Contents/Home/bin/javac -source 8 -target 8 -g -classpath /var/folders/gm/lzn3ylzx4lz7mx29lftngdz40000gn/T/jarde-raw-receiver-replay-yu8j6vl1/empty-classpath -sourcepath /var/folders/gm/lzn3ylzx4lz7mx29lftngdz40000gn/T/jarde-raw-receiver-replay-yu8j6vl1/empty-sourcepath -d /var/folders/gm/lzn3ylzx4lz7mx29lftngdz40000gn/T/jarde-raw-receiver-replay-yu8j6vl1/original-probe /Users/lordcasser/workspace/projects/jarde/openspec/evidence/raw-receiver-field-selection-2026-10-09/source/ReceiverProbe.java
jdk8/debug/NullRawParam/original-run	0	/Library/Java/JavaVirtualMachines/corretto-1.8.0_432/Contents/Home/bin/java -Xverify:all -cp /var/folders/gm/lzn3ylzx4lz7mx29lftngdz40000gn/T/jarde-raw-receiver-replay-yu8j6vl1/original:/var/folders/gm/lzn3ylzx4lz7mx29lftngdz40000gn/T/jarde-raw-receiver-replay-yu8j6vl1/original-probe ReceiverProbe NullRawParam
jdk8/debug/NullRawParam/jarde-NullRawParam	0	/private/tmp/jarde-generic-calls-candidate-v8-cli class-source --input /Users/lordcasser/workspace/projects/jarde/openspec/evidence/raw-receiver-field-selection-2026-10-09/jdk8/debug/input/NullRawParam.jar --class NullRawParam --policy plain-jar --release 8 --format text
jdk8/debug/NullRawParam/jarde-NullRawParam-source-header	0	nonempty self-describing source
jdk8/debug/NullRawParam/jarde-javac	0	/Library/Java/JavaVirtualMachines/corretto-1.8.0_432/Contents/Home/bin/javac -source 8 -target 8 -g -classpath /var/folders/gm/lzn3ylzx4lz7mx29lftngdz40000gn/T/jarde-raw-receiver-replay-yu8j6vl1/empty-classpath -sourcepath /var/folders/gm/lzn3ylzx4lz7mx29lftngdz40000gn/T/jarde-raw-receiver-replay-yu8j6vl1/empty-sourcepath -d /var/folders/gm/lzn3ylzx4lz7mx29lftngdz40000gn/T/jarde-raw-receiver-replay-yu8j6vl1/jarde-classes /Users/lordcasser/workspace/projects/jarde/openspec/changes/recover-same-class-generic-call-consumers/results/candidate/gc09-raw-64-candidate-v8/jdk8/debug/jarde/NullRawParam.java /Users/lordcasser/workspace/projects/jarde/openspec/evidence/raw-receiver-field-selection-2026-10-09/source/ReceiverProbe.java
jdk8/debug/NullRawParam/jarde-verify-run	0	/Library/Java/JavaVirtualMachines/corretto-1.8.0_432/Contents/Home/bin/java -Xverify:all -cp /var/folders/gm/lzn3ylzx4lz7mx29lftngdz40000gn/T/jarde-raw-receiver-replay-yu8j6vl1/jarde-classes ReceiverProbe NullRawParam
jdk8/debug/NullRawParam/jadx	0	/Users/lordcasser/workspace/testzone/jadx/jadx-cli/build/install/jadx/bin/jadx --no-res --single-class NullRawParam -d /Users/lordcasser/workspace/projects/jarde/openspec/changes/recover-same-class-generic-call-consumers/results/candidate/gc09-raw-64-candidate-v8/jdk8/debug/jadx/NullRawParam /Users/lordcasser/workspace/projects/jarde/openspec/evidence/raw-receiver-field-selection-2026-10-09/jdk8/debug/input/NullRawParam.jar
jdk8/debug/NullRawParam/jadx-source-header	0	nonempty class source
jdk8/debug/NullRawParam/jadx-javac	0	/Library/Java/JavaVirtualMachines/corretto-1.8.0_432/Contents/Home/bin/javac -source 8 -target 8 -g -classpath /var/folders/gm/lzn3ylzx4lz7mx29lftngdz40000gn/T/jarde-raw-receiver-replay-yu8j6vl1/empty-classpath -sourcepath /var/folders/gm/lzn3ylzx4lz7mx29lftngdz40000gn/T/jarde-raw-receiver-replay-yu8j6vl1/empty-sourcepath -d /var/folders/gm/lzn3ylzx4lz7mx29lftngdz40000gn/T/jarde-raw-receiver-replay-yu8j6vl1/jadx-classes /Users/lordcasser/workspace/projects/jarde/openspec/changes/recover-same-class-generic-call-consumers/results/candidate/gc09-raw-64-candidate-v8/jdk8/debug/jadx/NullRawParam/sources/defpackage/NullRawParam.java /Users/lordcasser/workspace/projects/jarde/openspec/evidence/raw-receiver-field-selection-2026-10-09/source/ReceiverProbe.java
jdk8/debug/NullRawParam/jadx-verify-run	0	/Library/Java/JavaVirtualMachines/corretto-1.8.0_432/Contents/Home/bin/java -Xverify:all -cp /var/folders/gm/lzn3ylzx4lz7mx29lftngdz40000gn/T/jarde-raw-receiver-replay-yu8j6vl1/jadx-classes ReceiverProbe defpackage.NullRawParam
jdk8/no-debug/NullRawParam/jar-contents	0	/Library/Java/JavaVirtualMachines/corretto-1.8.0_432/Contents/Home/bin/jar tf /Users/lordcasser/workspace/projects/jarde/openspec/evidence/raw-receiver-field-selection-2026-10-09/jdk8/no-debug/input/NullRawParam.jar
jdk8/no-debug/NullRawParam/original-javac	0	/Library/Java/JavaVirtualMachines/corretto-1.8.0_432/Contents/Home/bin/javac -source 8 -target 8 -g:none -classpath /var/folders/gm/lzn3ylzx4lz7mx29lftngdz40000gn/T/jarde-raw-receiver-replay-0ip28gxh/empty-classpath -sourcepath /var/folders/gm/lzn3ylzx4lz7mx29lftngdz40000gn/T/jarde-raw-receiver-replay-0ip28gxh/empty-sourcepath -d /var/folders/gm/lzn3ylzx4lz7mx29lftngdz40000gn/T/jarde-raw-receiver-replay-0ip28gxh/original /Users/lordcasser/workspace/projects/jarde/openspec/evidence/raw-receiver-field-selection-2026-10-09/source/NullRawParam.java
jdk8/no-debug/NullRawParam/javap	0	/Library/Java/JavaVirtualMachines/corretto-1.8.0_432/Contents/Home/bin/javap -p -c -s -v -classpath /Users/lordcasser/workspace/projects/jarde/openspec/evidence/raw-receiver-field-selection-2026-10-09/jdk8/no-debug/input/NullRawParam.jar NullRawParam
jdk8/no-debug/NullRawParam/original-probe-javac	0	/Library/Java/JavaVirtualMachines/corretto-1.8.0_432/Contents/Home/bin/javac -source 8 -target 8 -g:none -classpath /var/folders/gm/lzn3ylzx4lz7mx29lftngdz40000gn/T/jarde-raw-receiver-replay-0ip28gxh/empty-classpath -sourcepath /var/folders/gm/lzn3ylzx4lz7mx29lftngdz40000gn/T/jarde-raw-receiver-replay-0ip28gxh/empty-sourcepath -d /var/folders/gm/lzn3ylzx4lz7mx29lftngdz40000gn/T/jarde-raw-receiver-replay-0ip28gxh/original-probe /Users/lordcasser/workspace/projects/jarde/openspec/evidence/raw-receiver-field-selection-2026-10-09/source/ReceiverProbe.java
jdk8/no-debug/NullRawParam/original-run	0	/Library/Java/JavaVirtualMachines/corretto-1.8.0_432/Contents/Home/bin/java -Xverify:all -cp /var/folders/gm/lzn3ylzx4lz7mx29lftngdz40000gn/T/jarde-raw-receiver-replay-0ip28gxh/original:/var/folders/gm/lzn3ylzx4lz7mx29lftngdz40000gn/T/jarde-raw-receiver-replay-0ip28gxh/original-probe ReceiverProbe NullRawParam
jdk8/no-debug/NullRawParam/jarde-NullRawParam	0	/private/tmp/jarde-generic-calls-candidate-v8-cli class-source --input /Users/lordcasser/workspace/projects/jarde/openspec/evidence/raw-receiver-field-selection-2026-10-09/jdk8/no-debug/input/NullRawParam.jar --class NullRawParam --policy plain-jar --release 8 --format text
jdk8/no-debug/NullRawParam/jarde-NullRawParam-source-header	0	nonempty self-describing source
jdk8/no-debug/NullRawParam/jarde-javac	0	/Library/Java/JavaVirtualMachines/corretto-1.8.0_432/Contents/Home/bin/javac -source 8 -target 8 -g:none -classpath /var/folders/gm/lzn3ylzx4lz7mx29lftngdz40000gn/T/jarde-raw-receiver-replay-0ip28gxh/empty-classpath -sourcepath /var/folders/gm/lzn3ylzx4lz7mx29lftngdz40000gn/T/jarde-raw-receiver-replay-0ip28gxh/empty-sourcepath -d /var/folders/gm/lzn3ylzx4lz7mx29lftngdz40000gn/T/jarde-raw-receiver-replay-0ip28gxh/jarde-classes /Users/lordcasser/workspace/projects/jarde/openspec/changes/recover-same-class-generic-call-consumers/results/candidate/gc09-raw-64-candidate-v8/jdk8/no-debug/jarde/NullRawParam.java /Users/lordcasser/workspace/projects/jarde/openspec/evidence/raw-receiver-field-selection-2026-10-09/source/ReceiverProbe.java
jdk8/no-debug/NullRawParam/jarde-verify-run	0	/Library/Java/JavaVirtualMachines/corretto-1.8.0_432/Contents/Home/bin/java -Xverify:all -cp /var/folders/gm/lzn3ylzx4lz7mx29lftngdz40000gn/T/jarde-raw-receiver-replay-0ip28gxh/jarde-classes ReceiverProbe NullRawParam
jdk8/no-debug/NullRawParam/jadx	0	/Users/lordcasser/workspace/testzone/jadx/jadx-cli/build/install/jadx/bin/jadx --no-res --single-class NullRawParam -d /Users/lordcasser/workspace/projects/jarde/openspec/changes/recover-same-class-generic-call-consumers/results/candidate/gc09-raw-64-candidate-v8/jdk8/no-debug/jadx/NullRawParam /Users/lordcasser/workspace/projects/jarde/openspec/evidence/raw-receiver-field-selection-2026-10-09/jdk8/no-debug/input/NullRawParam.jar
jdk8/no-debug/NullRawParam/jadx-source-header	0	nonempty class source
jdk8/no-debug/NullRawParam/jadx-javac	0	/Library/Java/JavaVirtualMachines/corretto-1.8.0_432/Contents/Home/bin/javac -source 8 -target 8 -g:none -classpath /var/folders/gm/lzn3ylzx4lz7mx29lftngdz40000gn/T/jarde-raw-receiver-replay-0ip28gxh/empty-classpath -sourcepath /var/folders/gm/lzn3ylzx4lz7mx29lftngdz40000gn/T/jarde-raw-receiver-replay-0ip28gxh/empty-sourcepath -d /var/folders/gm/lzn3ylzx4lz7mx29lftngdz40000gn/T/jarde-raw-receiver-replay-0ip28gxh/jadx-classes /Users/lordcasser/workspace/projects/jarde/openspec/changes/recover-same-class-generic-call-consumers/results/candidate/gc09-raw-64-candidate-v8/jdk8/no-debug/jadx/NullRawParam/sources/defpackage/NullRawParam.java /Users/lordcasser/workspace/projects/jarde/openspec/evidence/raw-receiver-field-selection-2026-10-09/source/ReceiverProbe.java
jdk8/no-debug/NullRawParam/jadx-verify-run	0	/Library/Java/JavaVirtualMachines/corretto-1.8.0_432/Contents/Home/bin/java -Xverify:all -cp /var/folders/gm/lzn3ylzx4lz7mx29lftngdz40000gn/T/jarde-raw-receiver-replay-0ip28gxh/jadx-classes ReceiverProbe defpackage.NullRawParam
jdk8/debug/RetainedAliasRawParam/jar-contents	0	/Library/Java/JavaVirtualMachines/corretto-1.8.0_432/Contents/Home/bin/jar tf /Users/lordcasser/workspace/projects/jarde/openspec/evidence/raw-receiver-field-selection-2026-10-09/jdk8/debug/input/RetainedAliasRawParam.jar
jdk8/debug/RetainedAliasRawParam/original-javac	0	/Library/Java/JavaVirtualMachines/corretto-1.8.0_432/Contents/Home/bin/javac -source 8 -target 8 -g -classpath /var/folders/gm/lzn3ylzx4lz7mx29lftngdz40000gn/T/jarde-raw-receiver-replay-b9d3a1vh/empty-classpath -sourcepath /var/folders/gm/lzn3ylzx4lz7mx29lftngdz40000gn/T/jarde-raw-receiver-replay-b9d3a1vh/empty-sourcepath -d /var/folders/gm/lzn3ylzx4lz7mx29lftngdz40000gn/T/jarde-raw-receiver-replay-b9d3a1vh/original /Users/lordcasser/workspace/projects/jarde/openspec/evidence/raw-receiver-field-selection-2026-10-09/source/RetainedAliasRawParam.java
jdk8/debug/RetainedAliasRawParam/javap	0	/Library/Java/JavaVirtualMachines/corretto-1.8.0_432/Contents/Home/bin/javap -p -c -s -v -classpath /Users/lordcasser/workspace/projects/jarde/openspec/evidence/raw-receiver-field-selection-2026-10-09/jdk8/debug/input/RetainedAliasRawParam.jar RetainedAliasRawParam
jdk8/debug/RetainedAliasRawParam/original-probe-javac	0	/Library/Java/JavaVirtualMachines/corretto-1.8.0_432/Contents/Home/bin/javac -source 8 -target 8 -g -classpath /var/folders/gm/lzn3ylzx4lz7mx29lftngdz40000gn/T/jarde-raw-receiver-replay-b9d3a1vh/empty-classpath -sourcepath /var/folders/gm/lzn3ylzx4lz7mx29lftngdz40000gn/T/jarde-raw-receiver-replay-b9d3a1vh/empty-sourcepath -d /var/folders/gm/lzn3ylzx4lz7mx29lftngdz40000gn/T/jarde-raw-receiver-replay-b9d3a1vh/original-probe /Users/lordcasser/workspace/projects/jarde/openspec/evidence/raw-receiver-field-selection-2026-10-09/source/ReceiverProbe.java
jdk8/debug/RetainedAliasRawParam/original-run	0	/Library/Java/JavaVirtualMachines/corretto-1.8.0_432/Contents/Home/bin/java -Xverify:all -cp /var/folders/gm/lzn3ylzx4lz7mx29lftngdz40000gn/T/jarde-raw-receiver-replay-b9d3a1vh/original:/var/folders/gm/lzn3ylzx4lz7mx29lftngdz40000gn/T/jarde-raw-receiver-replay-b9d3a1vh/original-probe ReceiverProbe RetainedAliasRawParam
jdk8/debug/RetainedAliasRawParam/jarde-RetainedAliasRawParam	0	/private/tmp/jarde-generic-calls-candidate-v8-cli class-source --input /Users/lordcasser/workspace/projects/jarde/openspec/evidence/raw-receiver-field-selection-2026-10-09/jdk8/debug/input/RetainedAliasRawParam.jar --class RetainedAliasRawParam --policy plain-jar --release 8 --format text
jdk8/debug/RetainedAliasRawParam/jarde-RetainedAliasRawParam-source-header	0	nonempty self-describing source
jdk8/debug/RetainedAliasRawParam/jarde-javac	0	/Library/Java/JavaVirtualMachines/corretto-1.8.0_432/Contents/Home/bin/javac -source 8 -target 8 -g -classpath /var/folders/gm/lzn3ylzx4lz7mx29lftngdz40000gn/T/jarde-raw-receiver-replay-b9d3a1vh/empty-classpath -sourcepath /var/folders/gm/lzn3ylzx4lz7mx29lftngdz40000gn/T/jarde-raw-receiver-replay-b9d3a1vh/empty-sourcepath -d /var/folders/gm/lzn3ylzx4lz7mx29lftngdz40000gn/T/jarde-raw-receiver-replay-b9d3a1vh/jarde-classes /Users/lordcasser/workspace/projects/jarde/openspec/changes/recover-same-class-generic-call-consumers/results/candidate/gc09-raw-64-candidate-v8/jdk8/debug/jarde/RetainedAliasRawParam.java /Users/lordcasser/workspace/projects/jarde/openspec/evidence/raw-receiver-field-selection-2026-10-09/source/ReceiverProbe.java
jdk8/debug/RetainedAliasRawParam/jarde-verify-run	0	/Library/Java/JavaVirtualMachines/corretto-1.8.0_432/Contents/Home/bin/java -Xverify:all -cp /var/folders/gm/lzn3ylzx4lz7mx29lftngdz40000gn/T/jarde-raw-receiver-replay-b9d3a1vh/jarde-classes ReceiverProbe RetainedAliasRawParam
jdk8/debug/RetainedAliasRawParam/jadx	0	/Users/lordcasser/workspace/testzone/jadx/jadx-cli/build/install/jadx/bin/jadx --no-res --single-class RetainedAliasRawParam -d /Users/lordcasser/workspace/projects/jarde/openspec/changes/recover-same-class-generic-call-consumers/results/candidate/gc09-raw-64-candidate-v8/jdk8/debug/jadx/RetainedAliasRawParam /Users/lordcasser/workspace/projects/jarde/openspec/evidence/raw-receiver-field-selection-2026-10-09/jdk8/debug/input/RetainedAliasRawParam.jar
jdk8/debug/RetainedAliasRawParam/jadx-source-header	0	nonempty class source
jdk8/debug/RetainedAliasRawParam/jadx-javac	0	/Library/Java/JavaVirtualMachines/corretto-1.8.0_432/Contents/Home/bin/javac -source 8 -target 8 -g -classpath /var/folders/gm/lzn3ylzx4lz7mx29lftngdz40000gn/T/jarde-raw-receiver-replay-b9d3a1vh/empty-classpath -sourcepath /var/folders/gm/lzn3ylzx4lz7mx29lftngdz40000gn/T/jarde-raw-receiver-replay-b9d3a1vh/empty-sourcepath -d /var/folders/gm/lzn3ylzx4lz7mx29lftngdz40000gn/T/jarde-raw-receiver-replay-b9d3a1vh/jadx-classes /Users/lordcasser/workspace/projects/jarde/openspec/changes/recover-same-class-generic-call-consumers/results/candidate/gc09-raw-64-candidate-v8/jdk8/debug/jadx/RetainedAliasRawParam/sources/defpackage/RetainedAliasRawParam.java /Users/lordcasser/workspace/projects/jarde/openspec/evidence/raw-receiver-field-selection-2026-10-09/source/ReceiverProbe.java
jdk8/debug/RetainedAliasRawParam/jadx-verify-run	0	/Library/Java/JavaVirtualMachines/corretto-1.8.0_432/Contents/Home/bin/java -Xverify:all -cp /var/folders/gm/lzn3ylzx4lz7mx29lftngdz40000gn/T/jarde-raw-receiver-replay-b9d3a1vh/jadx-classes ReceiverProbe defpackage.RetainedAliasRawParam
jdk8/no-debug/RetainedAliasRawParam/jar-contents	0	/Library/Java/JavaVirtualMachines/corretto-1.8.0_432/Contents/Home/bin/jar tf /Users/lordcasser/workspace/projects/jarde/openspec/evidence/raw-receiver-field-selection-2026-10-09/jdk8/no-debug/input/RetainedAliasRawParam.jar
jdk8/no-debug/RetainedAliasRawParam/original-javac	0	/Library/Java/JavaVirtualMachines/corretto-1.8.0_432/Contents/Home/bin/javac -source 8 -target 8 -g:none -classpath /var/folders/gm/lzn3ylzx4lz7mx29lftngdz40000gn/T/jarde-raw-receiver-replay-sezt7rqy/empty-classpath -sourcepath /var/folders/gm/lzn3ylzx4lz7mx29lftngdz40000gn/T/jarde-raw-receiver-replay-sezt7rqy/empty-sourcepath -d /var/folders/gm/lzn3ylzx4lz7mx29lftngdz40000gn/T/jarde-raw-receiver-replay-sezt7rqy/original /Users/lordcasser/workspace/projects/jarde/openspec/evidence/raw-receiver-field-selection-2026-10-09/source/RetainedAliasRawParam.java
jdk8/no-debug/RetainedAliasRawParam/javap	0	/Library/Java/JavaVirtualMachines/corretto-1.8.0_432/Contents/Home/bin/javap -p -c -s -v -classpath /Users/lordcasser/workspace/projects/jarde/openspec/evidence/raw-receiver-field-selection-2026-10-09/jdk8/no-debug/input/RetainedAliasRawParam.jar RetainedAliasRawParam
jdk8/no-debug/RetainedAliasRawParam/original-probe-javac	0	/Library/Java/JavaVirtualMachines/corretto-1.8.0_432/Contents/Home/bin/javac -source 8 -target 8 -g:none -classpath /var/folders/gm/lzn3ylzx4lz7mx29lftngdz40000gn/T/jarde-raw-receiver-replay-sezt7rqy/empty-classpath -sourcepath /var/folders/gm/lzn3ylzx4lz7mx29lftngdz40000gn/T/jarde-raw-receiver-replay-sezt7rqy/empty-sourcepath -d /var/folders/gm/lzn3ylzx4lz7mx29lftngdz40000gn/T/jarde-raw-receiver-replay-sezt7rqy/original-probe /Users/lordcasser/workspace/projects/jarde/openspec/evidence/raw-receiver-field-selection-2026-10-09/source/ReceiverProbe.java
jdk8/no-debug/RetainedAliasRawParam/original-run	0	/Library/Java/JavaVirtualMachines/corretto-1.8.0_432/Contents/Home/bin/java -Xverify:all -cp /var/folders/gm/lzn3ylzx4lz7mx29lftngdz40000gn/T/jarde-raw-receiver-replay-sezt7rqy/original:/var/folders/gm/lzn3ylzx4lz7mx29lftngdz40000gn/T/jarde-raw-receiver-replay-sezt7rqy/original-probe ReceiverProbe RetainedAliasRawParam
jdk8/no-debug/RetainedAliasRawParam/jarde-RetainedAliasRawParam	0	/private/tmp/jarde-generic-calls-candidate-v8-cli class-source --input /Users/lordcasser/workspace/projects/jarde/openspec/evidence/raw-receiver-field-selection-2026-10-09/jdk8/no-debug/input/RetainedAliasRawParam.jar --class RetainedAliasRawParam --policy plain-jar --release 8 --format text
jdk8/no-debug/RetainedAliasRawParam/jarde-RetainedAliasRawParam-source-header	0	nonempty self-describing source
jdk8/no-debug/RetainedAliasRawParam/jarde-javac	0	/Library/Java/JavaVirtualMachines/corretto-1.8.0_432/Contents/Home/bin/javac -source 8 -target 8 -g:none -classpath /var/folders/gm/lzn3ylzx4lz7mx29lftngdz40000gn/T/jarde-raw-receiver-replay-sezt7rqy/empty-classpath -sourcepath /var/folders/gm/lzn3ylzx4lz7mx29lftngdz40000gn/T/jarde-raw-receiver-replay-sezt7rqy/empty-sourcepath -d /var/folders/gm/lzn3ylzx4lz7mx29lftngdz40000gn/T/jarde-raw-receiver-replay-sezt7rqy/jarde-classes /Users/lordcasser/workspace/projects/jarde/openspec/changes/recover-same-class-generic-call-consumers/results/candidate/gc09-raw-64-candidate-v8/jdk8/no-debug/jarde/RetainedAliasRawParam.java /Users/lordcasser/workspace/projects/jarde/openspec/evidence/raw-receiver-field-selection-2026-10-09/source/ReceiverProbe.java
jdk8/no-debug/RetainedAliasRawParam/jarde-verify-run	0	/Library/Java/JavaVirtualMachines/corretto-1.8.0_432/Contents/Home/bin/java -Xverify:all -cp /var/folders/gm/lzn3ylzx4lz7mx29lftngdz40000gn/T/jarde-raw-receiver-replay-sezt7rqy/jarde-classes ReceiverProbe RetainedAliasRawParam
jdk8/no-debug/RetainedAliasRawParam/jadx	0	/Users/lordcasser/workspace/testzone/jadx/jadx-cli/build/install/jadx/bin/jadx --no-res --single-class RetainedAliasRawParam -d /Users/lordcasser/workspace/projects/jarde/openspec/changes/recover-same-class-generic-call-consumers/results/candidate/gc09-raw-64-candidate-v8/jdk8/no-debug/jadx/RetainedAliasRawParam /Users/lordcasser/workspace/projects/jarde/openspec/evidence/raw-receiver-field-selection-2026-10-09/jdk8/no-debug/input/RetainedAliasRawParam.jar
jdk8/no-debug/RetainedAliasRawParam/jadx-source-header	0	nonempty class source
jdk8/no-debug/RetainedAliasRawParam/jadx-javac	0	/Library/Java/JavaVirtualMachines/corretto-1.8.0_432/Contents/Home/bin/javac -source 8 -target 8 -g:none -classpath /var/folders/gm/lzn3ylzx4lz7mx29lftngdz40000gn/T/jarde-raw-receiver-replay-sezt7rqy/empty-classpath -sourcepath /var/folders/gm/lzn3ylzx4lz7mx29lftngdz40000gn/T/jarde-raw-receiver-replay-sezt7rqy/empty-sourcepath -d /var/folders/gm/lzn3ylzx4lz7mx29lftngdz40000gn/T/jarde-raw-receiver-replay-sezt7rqy/jadx-classes /Users/lordcasser/workspace/projects/jarde/openspec/changes/recover-same-class-generic-call-consumers/results/candidate/gc09-raw-64-candidate-v8/jdk8/no-debug/jadx/RetainedAliasRawParam/sources/defpackage/RetainedAliasRawParam.java /Users/lordcasser/workspace/projects/jarde/openspec/evidence/raw-receiver-field-selection-2026-10-09/source/ReceiverProbe.java
jdk8/no-debug/RetainedAliasRawParam/jadx-verify-run	0	/Library/Java/JavaVirtualMachines/corretto-1.8.0_432/Contents/Home/bin/java -Xverify:all -cp /var/folders/gm/lzn3ylzx4lz7mx29lftngdz40000gn/T/jarde-raw-receiver-replay-sezt7rqy/jadx-classes ReceiverProbe defpackage.RetainedAliasRawParam
jdk8/debug/MultiFormalRawParam/jar-contents	0	/Library/Java/JavaVirtualMachines/corretto-1.8.0_432/Contents/Home/bin/jar tf /Users/lordcasser/workspace/projects/jarde/openspec/evidence/raw-receiver-field-selection-2026-10-09/jdk8/debug/input/MultiFormalRawParam.jar
jdk8/debug/MultiFormalRawParam/original-javac	0	/Library/Java/JavaVirtualMachines/corretto-1.8.0_432/Contents/Home/bin/javac -source 8 -target 8 -g -classpath /var/folders/gm/lzn3ylzx4lz7mx29lftngdz40000gn/T/jarde-raw-receiver-replay-v7jkfgye/empty-classpath -sourcepath /var/folders/gm/lzn3ylzx4lz7mx29lftngdz40000gn/T/jarde-raw-receiver-replay-v7jkfgye/empty-sourcepath -d /var/folders/gm/lzn3ylzx4lz7mx29lftngdz40000gn/T/jarde-raw-receiver-replay-v7jkfgye/original /Users/lordcasser/workspace/projects/jarde/openspec/evidence/raw-receiver-field-selection-2026-10-09/source/MultiFormalRawParam.java
jdk8/debug/MultiFormalRawParam/javap	0	/Library/Java/JavaVirtualMachines/corretto-1.8.0_432/Contents/Home/bin/javap -p -c -s -v -classpath /Users/lordcasser/workspace/projects/jarde/openspec/evidence/raw-receiver-field-selection-2026-10-09/jdk8/debug/input/MultiFormalRawParam.jar MultiFormalRawParam
jdk8/debug/MultiFormalRawParam/original-probe-javac	0	/Library/Java/JavaVirtualMachines/corretto-1.8.0_432/Contents/Home/bin/javac -source 8 -target 8 -g -classpath /var/folders/gm/lzn3ylzx4lz7mx29lftngdz40000gn/T/jarde-raw-receiver-replay-v7jkfgye/empty-classpath -sourcepath /var/folders/gm/lzn3ylzx4lz7mx29lftngdz40000gn/T/jarde-raw-receiver-replay-v7jkfgye/empty-sourcepath -d /var/folders/gm/lzn3ylzx4lz7mx29lftngdz40000gn/T/jarde-raw-receiver-replay-v7jkfgye/original-probe /Users/lordcasser/workspace/projects/jarde/openspec/evidence/raw-receiver-field-selection-2026-10-09/source/ReceiverProbe.java
jdk8/debug/MultiFormalRawParam/original-run	0	/Library/Java/JavaVirtualMachines/corretto-1.8.0_432/Contents/Home/bin/java -Xverify:all -cp /var/folders/gm/lzn3ylzx4lz7mx29lftngdz40000gn/T/jarde-raw-receiver-replay-v7jkfgye/original:/var/folders/gm/lzn3ylzx4lz7mx29lftngdz40000gn/T/jarde-raw-receiver-replay-v7jkfgye/original-probe ReceiverProbe MultiFormalRawParam
jdk8/debug/MultiFormalRawParam/jarde-MultiFormalRawParam	0	/private/tmp/jarde-generic-calls-candidate-v8-cli class-source --input /Users/lordcasser/workspace/projects/jarde/openspec/evidence/raw-receiver-field-selection-2026-10-09/jdk8/debug/input/MultiFormalRawParam.jar --class MultiFormalRawParam --policy plain-jar --release 8 --format text
jdk8/debug/MultiFormalRawParam/jarde-MultiFormalRawParam-source-header	0	nonempty self-describing source
jdk8/debug/MultiFormalRawParam/jarde-javac	0	/Library/Java/JavaVirtualMachines/corretto-1.8.0_432/Contents/Home/bin/javac -source 8 -target 8 -g -classpath /var/folders/gm/lzn3ylzx4lz7mx29lftngdz40000gn/T/jarde-raw-receiver-replay-v7jkfgye/empty-classpath -sourcepath /var/folders/gm/lzn3ylzx4lz7mx29lftngdz40000gn/T/jarde-raw-receiver-replay-v7jkfgye/empty-sourcepath -d /var/folders/gm/lzn3ylzx4lz7mx29lftngdz40000gn/T/jarde-raw-receiver-replay-v7jkfgye/jarde-classes /Users/lordcasser/workspace/projects/jarde/openspec/changes/recover-same-class-generic-call-consumers/results/candidate/gc09-raw-64-candidate-v8/jdk8/debug/jarde/MultiFormalRawParam.java /Users/lordcasser/workspace/projects/jarde/openspec/evidence/raw-receiver-field-selection-2026-10-09/source/ReceiverProbe.java
jdk8/debug/MultiFormalRawParam/jarde-verify-run	0	/Library/Java/JavaVirtualMachines/corretto-1.8.0_432/Contents/Home/bin/java -Xverify:all -cp /var/folders/gm/lzn3ylzx4lz7mx29lftngdz40000gn/T/jarde-raw-receiver-replay-v7jkfgye/jarde-classes ReceiverProbe MultiFormalRawParam
jdk8/debug/MultiFormalRawParam/jadx	0	/Users/lordcasser/workspace/testzone/jadx/jadx-cli/build/install/jadx/bin/jadx --no-res --single-class MultiFormalRawParam -d /Users/lordcasser/workspace/projects/jarde/openspec/changes/recover-same-class-generic-call-consumers/results/candidate/gc09-raw-64-candidate-v8/jdk8/debug/jadx/MultiFormalRawParam /Users/lordcasser/workspace/projects/jarde/openspec/evidence/raw-receiver-field-selection-2026-10-09/jdk8/debug/input/MultiFormalRawParam.jar
jdk8/debug/MultiFormalRawParam/jadx-source-header	0	nonempty class source
jdk8/debug/MultiFormalRawParam/jadx-javac	0	/Library/Java/JavaVirtualMachines/corretto-1.8.0_432/Contents/Home/bin/javac -source 8 -target 8 -g -classpath /var/folders/gm/lzn3ylzx4lz7mx29lftngdz40000gn/T/jarde-raw-receiver-replay-v7jkfgye/empty-classpath -sourcepath /var/folders/gm/lzn3ylzx4lz7mx29lftngdz40000gn/T/jarde-raw-receiver-replay-v7jkfgye/empty-sourcepath -d /var/folders/gm/lzn3ylzx4lz7mx29lftngdz40000gn/T/jarde-raw-receiver-replay-v7jkfgye/jadx-classes /Users/lordcasser/workspace/projects/jarde/openspec/changes/recover-same-class-generic-call-consumers/results/candidate/gc09-raw-64-candidate-v8/jdk8/debug/jadx/MultiFormalRawParam/sources/defpackage/MultiFormalRawParam.java /Users/lordcasser/workspace/projects/jarde/openspec/evidence/raw-receiver-field-selection-2026-10-09/source/ReceiverProbe.java
jdk8/debug/MultiFormalRawParam/jadx-verify-run	0	/Library/Java/JavaVirtualMachines/corretto-1.8.0_432/Contents/Home/bin/java -Xverify:all -cp /var/folders/gm/lzn3ylzx4lz7mx29lftngdz40000gn/T/jarde-raw-receiver-replay-v7jkfgye/jadx-classes ReceiverProbe defpackage.MultiFormalRawParam
jdk8/no-debug/MultiFormalRawParam/jar-contents	0	/Library/Java/JavaVirtualMachines/corretto-1.8.0_432/Contents/Home/bin/jar tf /Users/lordcasser/workspace/projects/jarde/openspec/evidence/raw-receiver-field-selection-2026-10-09/jdk8/no-debug/input/MultiFormalRawParam.jar
jdk8/no-debug/MultiFormalRawParam/original-javac	0	/Library/Java/JavaVirtualMachines/corretto-1.8.0_432/Contents/Home/bin/javac -source 8 -target 8 -g:none -classpath /var/folders/gm/lzn3ylzx4lz7mx29lftngdz40000gn/T/jarde-raw-receiver-replay-83y9o3az/empty-classpath -sourcepath /var/folders/gm/lzn3ylzx4lz7mx29lftngdz40000gn/T/jarde-raw-receiver-replay-83y9o3az/empty-sourcepath -d /var/folders/gm/lzn3ylzx4lz7mx29lftngdz40000gn/T/jarde-raw-receiver-replay-83y9o3az/original /Users/lordcasser/workspace/projects/jarde/openspec/evidence/raw-receiver-field-selection-2026-10-09/source/MultiFormalRawParam.java
jdk8/no-debug/MultiFormalRawParam/javap	0	/Library/Java/JavaVirtualMachines/corretto-1.8.0_432/Contents/Home/bin/javap -p -c -s -v -classpath /Users/lordcasser/workspace/projects/jarde/openspec/evidence/raw-receiver-field-selection-2026-10-09/jdk8/no-debug/input/MultiFormalRawParam.jar MultiFormalRawParam
jdk8/no-debug/MultiFormalRawParam/original-probe-javac	0	/Library/Java/JavaVirtualMachines/corretto-1.8.0_432/Contents/Home/bin/javac -source 8 -target 8 -g:none -classpath /var/folders/gm/lzn3ylzx4lz7mx29lftngdz40000gn/T/jarde-raw-receiver-replay-83y9o3az/empty-classpath -sourcepath /var/folders/gm/lzn3ylzx4lz7mx29lftngdz40000gn/T/jarde-raw-receiver-replay-83y9o3az/empty-sourcepath -d /var/folders/gm/lzn3ylzx4lz7mx29lftngdz40000gn/T/jarde-raw-receiver-replay-83y9o3az/original-probe /Users/lordcasser/workspace/projects/jarde/openspec/evidence/raw-receiver-field-selection-2026-10-09/source/ReceiverProbe.java
jdk8/no-debug/MultiFormalRawParam/original-run	0	/Library/Java/JavaVirtualMachines/corretto-1.8.0_432/Contents/Home/bin/java -Xverify:all -cp /var/folders/gm/lzn3ylzx4lz7mx29lftngdz40000gn/T/jarde-raw-receiver-replay-83y9o3az/original:/var/folders/gm/lzn3ylzx4lz7mx29lftngdz40000gn/T/jarde-raw-receiver-replay-83y9o3az/original-probe ReceiverProbe MultiFormalRawParam
jdk8/no-debug/MultiFormalRawParam/jarde-MultiFormalRawParam	0	/private/tmp/jarde-generic-calls-candidate-v8-cli class-source --input /Users/lordcasser/workspace/projects/jarde/openspec/evidence/raw-receiver-field-selection-2026-10-09/jdk8/no-debug/input/MultiFormalRawParam.jar --class MultiFormalRawParam --policy plain-jar --release 8 --format text
jdk8/no-debug/MultiFormalRawParam/jarde-MultiFormalRawParam-source-header	0	nonempty self-describing source
jdk8/no-debug/MultiFormalRawParam/jarde-javac	0	/Library/Java/JavaVirtualMachines/corretto-1.8.0_432/Contents/Home/bin/javac -source 8 -target 8 -g:none -classpath /var/folders/gm/lzn3ylzx4lz7mx29lftngdz40000gn/T/jarde-raw-receiver-replay-83y9o3az/empty-classpath -sourcepath /var/folders/gm/lzn3ylzx4lz7mx29lftngdz40000gn/T/jarde-raw-receiver-replay-83y9o3az/empty-sourcepath -d /var/folders/gm/lzn3ylzx4lz7mx29lftngdz40000gn/T/jarde-raw-receiver-replay-83y9o3az/jarde-classes /Users/lordcasser/workspace/projects/jarde/openspec/changes/recover-same-class-generic-call-consumers/results/candidate/gc09-raw-64-candidate-v8/jdk8/no-debug/jarde/MultiFormalRawParam.java /Users/lordcasser/workspace/projects/jarde/openspec/evidence/raw-receiver-field-selection-2026-10-09/source/ReceiverProbe.java
jdk8/no-debug/MultiFormalRawParam/jarde-verify-run	0	/Library/Java/JavaVirtualMachines/corretto-1.8.0_432/Contents/Home/bin/java -Xverify:all -cp /var/folders/gm/lzn3ylzx4lz7mx29lftngdz40000gn/T/jarde-raw-receiver-replay-83y9o3az/jarde-classes ReceiverProbe MultiFormalRawParam
jdk8/no-debug/MultiFormalRawParam/jadx	0	/Users/lordcasser/workspace/testzone/jadx/jadx-cli/build/install/jadx/bin/jadx --no-res --single-class MultiFormalRawParam -d /Users/lordcasser/workspace/projects/jarde/openspec/changes/recover-same-class-generic-call-consumers/results/candidate/gc09-raw-64-candidate-v8/jdk8/no-debug/jadx/MultiFormalRawParam /Users/lordcasser/workspace/projects/jarde/openspec/evidence/raw-receiver-field-selection-2026-10-09/jdk8/no-debug/input/MultiFormalRawParam.jar
jdk8/no-debug/MultiFormalRawParam/jadx-source-header	0	nonempty class source
jdk8/no-debug/MultiFormalRawParam/jadx-javac	0	/Library/Java/JavaVirtualMachines/corretto-1.8.0_432/Contents/Home/bin/javac -source 8 -target 8 -g:none -classpath /var/folders/gm/lzn3ylzx4lz7mx29lftngdz40000gn/T/jarde-raw-receiver-replay-83y9o3az/empty-classpath -sourcepath /var/folders/gm/lzn3ylzx4lz7mx29lftngdz40000gn/T/jarde-raw-receiver-replay-83y9o3az/empty-sourcepath -d /var/folders/gm/lzn3ylzx4lz7mx29lftngdz40000gn/T/jarde-raw-receiver-replay-83y9o3az/jadx-classes /Users/lordcasser/workspace/projects/jarde/openspec/changes/recover-same-class-generic-call-consumers/results/candidate/gc09-raw-64-candidate-v8/jdk8/no-debug/jadx/MultiFormalRawParam/sources/defpackage/MultiFormalRawParam.java /Users/lordcasser/workspace/projects/jarde/openspec/evidence/raw-receiver-field-selection-2026-10-09/source/ReceiverProbe.java
jdk8/no-debug/MultiFormalRawParam/jadx-verify-run	0	/Library/Java/JavaVirtualMachines/corretto-1.8.0_432/Contents/Home/bin/java -Xverify:all -cp /var/folders/gm/lzn3ylzx4lz7mx29lftngdz40000gn/T/jarde-raw-receiver-replay-83y9o3az/jadx-classes ReceiverProbe defpackage.MultiFormalRawParam
jdk8/debug/RawOwnerChild/jar-contents	0	/Library/Java/JavaVirtualMachines/corretto-1.8.0_432/Contents/Home/bin/jar tf /Users/lordcasser/workspace/projects/jarde/openspec/evidence/raw-receiver-field-selection-2026-10-09/jdk8/debug/input/RawOwnerChild.jar
jdk8/debug/RawOwnerChild/original-javac	0	/Library/Java/JavaVirtualMachines/corretto-1.8.0_432/Contents/Home/bin/javac -source 8 -target 8 -g -classpath /var/folders/gm/lzn3ylzx4lz7mx29lftngdz40000gn/T/jarde-raw-receiver-replay-0l8knkv8/empty-classpath -sourcepath /var/folders/gm/lzn3ylzx4lz7mx29lftngdz40000gn/T/jarde-raw-receiver-replay-0l8knkv8/empty-sourcepath -d /var/folders/gm/lzn3ylzx4lz7mx29lftngdz40000gn/T/jarde-raw-receiver-replay-0l8knkv8/original /Users/lordcasser/workspace/projects/jarde/openspec/evidence/raw-receiver-field-selection-2026-10-09/source/RawOwnerChild.java /Users/lordcasser/workspace/projects/jarde/openspec/evidence/raw-receiver-field-selection-2026-10-09/source/RawOwnerBase.java
jdk8/debug/RawOwnerChild/javap	0	/Library/Java/JavaVirtualMachines/corretto-1.8.0_432/Contents/Home/bin/javap -p -c -s -v -classpath /Users/lordcasser/workspace/projects/jarde/openspec/evidence/raw-receiver-field-selection-2026-10-09/jdk8/debug/input/RawOwnerChild.jar RawOwnerChild
jdk8/debug/RawOwnerChild/original-probe-javac	0	/Library/Java/JavaVirtualMachines/corretto-1.8.0_432/Contents/Home/bin/javac -source 8 -target 8 -g -classpath /var/folders/gm/lzn3ylzx4lz7mx29lftngdz40000gn/T/jarde-raw-receiver-replay-0l8knkv8/empty-classpath -sourcepath /var/folders/gm/lzn3ylzx4lz7mx29lftngdz40000gn/T/jarde-raw-receiver-replay-0l8knkv8/empty-sourcepath -d /var/folders/gm/lzn3ylzx4lz7mx29lftngdz40000gn/T/jarde-raw-receiver-replay-0l8knkv8/original-probe /Users/lordcasser/workspace/projects/jarde/openspec/evidence/raw-receiver-field-selection-2026-10-09/source/ReceiverProbe.java
jdk8/debug/RawOwnerChild/original-run	0	/Library/Java/JavaVirtualMachines/corretto-1.8.0_432/Contents/Home/bin/java -Xverify:all -cp /var/folders/gm/lzn3ylzx4lz7mx29lftngdz40000gn/T/jarde-raw-receiver-replay-0l8knkv8/original:/var/folders/gm/lzn3ylzx4lz7mx29lftngdz40000gn/T/jarde-raw-receiver-replay-0l8knkv8/original-probe ReceiverProbe RawOwnerChild
jdk8/debug/RawOwnerChild/jarde-RawOwnerChild	0	/private/tmp/jarde-generic-calls-candidate-v8-cli class-source --input /Users/lordcasser/workspace/projects/jarde/openspec/evidence/raw-receiver-field-selection-2026-10-09/jdk8/debug/input/RawOwnerChild.jar --class RawOwnerChild --policy plain-jar --release 8 --format text
jdk8/debug/RawOwnerChild/jarde-RawOwnerChild-source-header	0	nonempty self-describing source
jdk8/debug/RawOwnerChild/jarde-RawOwnerBase	0	/private/tmp/jarde-generic-calls-candidate-v8-cli class-source --input /Users/lordcasser/workspace/projects/jarde/openspec/evidence/raw-receiver-field-selection-2026-10-09/jdk8/debug/input/RawOwnerChild.jar --class RawOwnerBase --policy plain-jar --release 8 --format text
jdk8/debug/RawOwnerChild/jarde-RawOwnerBase-source-header	0	nonempty self-describing source
jdk8/debug/RawOwnerChild/jarde-javac	0	/Library/Java/JavaVirtualMachines/corretto-1.8.0_432/Contents/Home/bin/javac -source 8 -target 8 -g -classpath /var/folders/gm/lzn3ylzx4lz7mx29lftngdz40000gn/T/jarde-raw-receiver-replay-0l8knkv8/empty-classpath -sourcepath /var/folders/gm/lzn3ylzx4lz7mx29lftngdz40000gn/T/jarde-raw-receiver-replay-0l8knkv8/empty-sourcepath -d /var/folders/gm/lzn3ylzx4lz7mx29lftngdz40000gn/T/jarde-raw-receiver-replay-0l8knkv8/jarde-classes /Users/lordcasser/workspace/projects/jarde/openspec/changes/recover-same-class-generic-call-consumers/results/candidate/gc09-raw-64-candidate-v8/jdk8/debug/jarde/RawOwnerChild.java /Users/lordcasser/workspace/projects/jarde/openspec/changes/recover-same-class-generic-call-consumers/results/candidate/gc09-raw-64-candidate-v8/jdk8/debug/jarde/RawOwnerBase.java /Users/lordcasser/workspace/projects/jarde/openspec/evidence/raw-receiver-field-selection-2026-10-09/source/ReceiverProbe.java
jdk8/debug/RawOwnerChild/jarde-verify-run	0	/Library/Java/JavaVirtualMachines/corretto-1.8.0_432/Contents/Home/bin/java -Xverify:all -cp /var/folders/gm/lzn3ylzx4lz7mx29lftngdz40000gn/T/jarde-raw-receiver-replay-0l8knkv8/jarde-classes ReceiverProbe RawOwnerChild
jdk8/debug/RawOwnerChild/jadx	0	/Users/lordcasser/workspace/testzone/jadx/jadx-cli/build/install/jadx/bin/jadx --no-res -d /Users/lordcasser/workspace/projects/jarde/openspec/changes/recover-same-class-generic-call-consumers/results/candidate/gc09-raw-64-candidate-v8/jdk8/debug/jadx/RawOwnerChild /Users/lordcasser/workspace/projects/jarde/openspec/evidence/raw-receiver-field-selection-2026-10-09/jdk8/debug/input/RawOwnerChild.jar
jdk8/debug/RawOwnerChild/jadx-source-header	0	nonempty class source
jdk8/debug/RawOwnerChild/jadx-javac	0	/Library/Java/JavaVirtualMachines/corretto-1.8.0_432/Contents/Home/bin/javac -source 8 -target 8 -g -classpath /var/folders/gm/lzn3ylzx4lz7mx29lftngdz40000gn/T/jarde-raw-receiver-replay-0l8knkv8/empty-classpath -sourcepath /var/folders/gm/lzn3ylzx4lz7mx29lftngdz40000gn/T/jarde-raw-receiver-replay-0l8knkv8/empty-sourcepath -d /var/folders/gm/lzn3ylzx4lz7mx29lftngdz40000gn/T/jarde-raw-receiver-replay-0l8knkv8/jadx-classes /Users/lordcasser/workspace/projects/jarde/openspec/changes/recover-same-class-generic-call-consumers/results/candidate/gc09-raw-64-candidate-v8/jdk8/debug/jadx/RawOwnerChild/sources/defpackage/RawOwnerBase.java /Users/lordcasser/workspace/projects/jarde/openspec/changes/recover-same-class-generic-call-consumers/results/candidate/gc09-raw-64-candidate-v8/jdk8/debug/jadx/RawOwnerChild/sources/defpackage/RawOwnerChild.java /Users/lordcasser/workspace/projects/jarde/openspec/evidence/raw-receiver-field-selection-2026-10-09/source/ReceiverProbe.java
jdk8/debug/RawOwnerChild/jadx-verify-run	0	/Library/Java/JavaVirtualMachines/corretto-1.8.0_432/Contents/Home/bin/java -Xverify:all -cp /var/folders/gm/lzn3ylzx4lz7mx29lftngdz40000gn/T/jarde-raw-receiver-replay-0l8knkv8/jadx-classes ReceiverProbe defpackage.RawOwnerChild
jdk8/no-debug/RawOwnerChild/jar-contents	0	/Library/Java/JavaVirtualMachines/corretto-1.8.0_432/Contents/Home/bin/jar tf /Users/lordcasser/workspace/projects/jarde/openspec/evidence/raw-receiver-field-selection-2026-10-09/jdk8/no-debug/input/RawOwnerChild.jar
jdk8/no-debug/RawOwnerChild/original-javac	0	/Library/Java/JavaVirtualMachines/corretto-1.8.0_432/Contents/Home/bin/javac -source 8 -target 8 -g:none -classpath /var/folders/gm/lzn3ylzx4lz7mx29lftngdz40000gn/T/jarde-raw-receiver-replay-kma_adv2/empty-classpath -sourcepath /var/folders/gm/lzn3ylzx4lz7mx29lftngdz40000gn/T/jarde-raw-receiver-replay-kma_adv2/empty-sourcepath -d /var/folders/gm/lzn3ylzx4lz7mx29lftngdz40000gn/T/jarde-raw-receiver-replay-kma_adv2/original /Users/lordcasser/workspace/projects/jarde/openspec/evidence/raw-receiver-field-selection-2026-10-09/source/RawOwnerChild.java /Users/lordcasser/workspace/projects/jarde/openspec/evidence/raw-receiver-field-selection-2026-10-09/source/RawOwnerBase.java
jdk8/no-debug/RawOwnerChild/javap	0	/Library/Java/JavaVirtualMachines/corretto-1.8.0_432/Contents/Home/bin/javap -p -c -s -v -classpath /Users/lordcasser/workspace/projects/jarde/openspec/evidence/raw-receiver-field-selection-2026-10-09/jdk8/no-debug/input/RawOwnerChild.jar RawOwnerChild
jdk8/no-debug/RawOwnerChild/original-probe-javac	0	/Library/Java/JavaVirtualMachines/corretto-1.8.0_432/Contents/Home/bin/javac -source 8 -target 8 -g:none -classpath /var/folders/gm/lzn3ylzx4lz7mx29lftngdz40000gn/T/jarde-raw-receiver-replay-kma_adv2/empty-classpath -sourcepath /var/folders/gm/lzn3ylzx4lz7mx29lftngdz40000gn/T/jarde-raw-receiver-replay-kma_adv2/empty-sourcepath -d /var/folders/gm/lzn3ylzx4lz7mx29lftngdz40000gn/T/jarde-raw-receiver-replay-kma_adv2/original-probe /Users/lordcasser/workspace/projects/jarde/openspec/evidence/raw-receiver-field-selection-2026-10-09/source/ReceiverProbe.java
jdk8/no-debug/RawOwnerChild/original-run	0	/Library/Java/JavaVirtualMachines/corretto-1.8.0_432/Contents/Home/bin/java -Xverify:all -cp /var/folders/gm/lzn3ylzx4lz7mx29lftngdz40000gn/T/jarde-raw-receiver-replay-kma_adv2/original:/var/folders/gm/lzn3ylzx4lz7mx29lftngdz40000gn/T/jarde-raw-receiver-replay-kma_adv2/original-probe ReceiverProbe RawOwnerChild
jdk8/no-debug/RawOwnerChild/jarde-RawOwnerChild	0	/private/tmp/jarde-generic-calls-candidate-v8-cli class-source --input /Users/lordcasser/workspace/projects/jarde/openspec/evidence/raw-receiver-field-selection-2026-10-09/jdk8/no-debug/input/RawOwnerChild.jar --class RawOwnerChild --policy plain-jar --release 8 --format text
jdk8/no-debug/RawOwnerChild/jarde-RawOwnerChild-source-header	0	nonempty self-describing source
jdk8/no-debug/RawOwnerChild/jarde-RawOwnerBase	0	/private/tmp/jarde-generic-calls-candidate-v8-cli class-source --input /Users/lordcasser/workspace/projects/jarde/openspec/evidence/raw-receiver-field-selection-2026-10-09/jdk8/no-debug/input/RawOwnerChild.jar --class RawOwnerBase --policy plain-jar --release 8 --format text
jdk8/no-debug/RawOwnerChild/jarde-RawOwnerBase-source-header	0	nonempty self-describing source
jdk8/no-debug/RawOwnerChild/jarde-javac	0	/Library/Java/JavaVirtualMachines/corretto-1.8.0_432/Contents/Home/bin/javac -source 8 -target 8 -g:none -classpath /var/folders/gm/lzn3ylzx4lz7mx29lftngdz40000gn/T/jarde-raw-receiver-replay-kma_adv2/empty-classpath -sourcepath /var/folders/gm/lzn3ylzx4lz7mx29lftngdz40000gn/T/jarde-raw-receiver-replay-kma_adv2/empty-sourcepath -d /var/folders/gm/lzn3ylzx4lz7mx29lftngdz40000gn/T/jarde-raw-receiver-replay-kma_adv2/jarde-classes /Users/lordcasser/workspace/projects/jarde/openspec/changes/recover-same-class-generic-call-consumers/results/candidate/gc09-raw-64-candidate-v8/jdk8/no-debug/jarde/RawOwnerChild.java /Users/lordcasser/workspace/projects/jarde/openspec/changes/recover-same-class-generic-call-consumers/results/candidate/gc09-raw-64-candidate-v8/jdk8/no-debug/jarde/RawOwnerBase.java /Users/lordcasser/workspace/projects/jarde/openspec/evidence/raw-receiver-field-selection-2026-10-09/source/ReceiverProbe.java
jdk8/no-debug/RawOwnerChild/jarde-verify-run	0	/Library/Java/JavaVirtualMachines/corretto-1.8.0_432/Contents/Home/bin/java -Xverify:all -cp /var/folders/gm/lzn3ylzx4lz7mx29lftngdz40000gn/T/jarde-raw-receiver-replay-kma_adv2/jarde-classes ReceiverProbe RawOwnerChild
jdk8/no-debug/RawOwnerChild/jadx	0	/Users/lordcasser/workspace/testzone/jadx/jadx-cli/build/install/jadx/bin/jadx --no-res -d /Users/lordcasser/workspace/projects/jarde/openspec/changes/recover-same-class-generic-call-consumers/results/candidate/gc09-raw-64-candidate-v8/jdk8/no-debug/jadx/RawOwnerChild /Users/lordcasser/workspace/projects/jarde/openspec/evidence/raw-receiver-field-selection-2026-10-09/jdk8/no-debug/input/RawOwnerChild.jar
jdk8/no-debug/RawOwnerChild/jadx-source-header	0	nonempty class source
jdk8/no-debug/RawOwnerChild/jadx-javac	0	/Library/Java/JavaVirtualMachines/corretto-1.8.0_432/Contents/Home/bin/javac -source 8 -target 8 -g:none -classpath /var/folders/gm/lzn3ylzx4lz7mx29lftngdz40000gn/T/jarde-raw-receiver-replay-kma_adv2/empty-classpath -sourcepath /var/folders/gm/lzn3ylzx4lz7mx29lftngdz40000gn/T/jarde-raw-receiver-replay-kma_adv2/empty-sourcepath -d /var/folders/gm/lzn3ylzx4lz7mx29lftngdz40000gn/T/jarde-raw-receiver-replay-kma_adv2/jadx-classes /Users/lordcasser/workspace/projects/jarde/openspec/changes/recover-same-class-generic-call-consumers/results/candidate/gc09-raw-64-candidate-v8/jdk8/no-debug/jadx/RawOwnerChild/sources/defpackage/RawOwnerBase.java /Users/lordcasser/workspace/projects/jarde/openspec/changes/recover-same-class-generic-call-consumers/results/candidate/gc09-raw-64-candidate-v8/jdk8/no-debug/jadx/RawOwnerChild/sources/defpackage/RawOwnerChild.java /Users/lordcasser/workspace/projects/jarde/openspec/evidence/raw-receiver-field-selection-2026-10-09/source/ReceiverProbe.java
jdk8/no-debug/RawOwnerChild/jadx-verify-run	0	/Library/Java/JavaVirtualMachines/corretto-1.8.0_432/Contents/Home/bin/java -Xverify:all -cp /var/folders/gm/lzn3ylzx4lz7mx29lftngdz40000gn/T/jarde-raw-receiver-replay-kma_adv2/jadx-classes ReceiverProbe defpackage.RawOwnerChild
jdk23/versions/java	0	/Library/Java/JavaVirtualMachines/openjdk-23.0.1/Contents/Home/bin/java -version
jdk23/versions/javac	0	/Library/Java/JavaVirtualMachines/openjdk-23.0.1/Contents/Home/bin/javac -version
jdk23/debug/RawParam/jar-contents	0	/Library/Java/JavaVirtualMachines/openjdk-23.0.1/Contents/Home/bin/jar tf /Users/lordcasser/workspace/projects/jarde/openspec/evidence/raw-receiver-field-selection-2026-10-09/jdk23/debug/input/RawParam.jar
jdk23/debug/RawParam/original-javac	0	/Library/Java/JavaVirtualMachines/openjdk-23.0.1/Contents/Home/bin/javac --release 8 -g -classpath /var/folders/gm/lzn3ylzx4lz7mx29lftngdz40000gn/T/jarde-raw-receiver-replay-lmvlj2uk/empty-classpath -sourcepath /var/folders/gm/lzn3ylzx4lz7mx29lftngdz40000gn/T/jarde-raw-receiver-replay-lmvlj2uk/empty-sourcepath -d /var/folders/gm/lzn3ylzx4lz7mx29lftngdz40000gn/T/jarde-raw-receiver-replay-lmvlj2uk/original /Users/lordcasser/workspace/projects/jarde/openspec/evidence/raw-receiver-field-selection-2026-10-09/source/RawParam.java
jdk23/debug/RawParam/javap	0	/Library/Java/JavaVirtualMachines/openjdk-23.0.1/Contents/Home/bin/javap -p -c -s -v -classpath /Users/lordcasser/workspace/projects/jarde/openspec/evidence/raw-receiver-field-selection-2026-10-09/jdk23/debug/input/RawParam.jar RawParam
jdk23/debug/RawParam/original-probe-javac	0	/Library/Java/JavaVirtualMachines/openjdk-23.0.1/Contents/Home/bin/javac --release 8 -g -classpath /var/folders/gm/lzn3ylzx4lz7mx29lftngdz40000gn/T/jarde-raw-receiver-replay-lmvlj2uk/empty-classpath -sourcepath /var/folders/gm/lzn3ylzx4lz7mx29lftngdz40000gn/T/jarde-raw-receiver-replay-lmvlj2uk/empty-sourcepath -d /var/folders/gm/lzn3ylzx4lz7mx29lftngdz40000gn/T/jarde-raw-receiver-replay-lmvlj2uk/original-probe /Users/lordcasser/workspace/projects/jarde/openspec/evidence/raw-receiver-field-selection-2026-10-09/source/ReceiverProbe.java
jdk23/debug/RawParam/original-run	0	/Library/Java/JavaVirtualMachines/openjdk-23.0.1/Contents/Home/bin/java -Xverify:all -cp /var/folders/gm/lzn3ylzx4lz7mx29lftngdz40000gn/T/jarde-raw-receiver-replay-lmvlj2uk/original:/var/folders/gm/lzn3ylzx4lz7mx29lftngdz40000gn/T/jarde-raw-receiver-replay-lmvlj2uk/original-probe ReceiverProbe RawParam
jdk23/debug/RawParam/jarde-RawParam	0	/private/tmp/jarde-generic-calls-candidate-v8-cli class-source --input /Users/lordcasser/workspace/projects/jarde/openspec/evidence/raw-receiver-field-selection-2026-10-09/jdk23/debug/input/RawParam.jar --class RawParam --policy plain-jar --release 8 --format text
jdk23/debug/RawParam/jarde-RawParam-source-header	0	nonempty self-describing source
jdk23/debug/RawParam/jarde-javac	0	/Library/Java/JavaVirtualMachines/openjdk-23.0.1/Contents/Home/bin/javac --release 8 -g -classpath /var/folders/gm/lzn3ylzx4lz7mx29lftngdz40000gn/T/jarde-raw-receiver-replay-lmvlj2uk/empty-classpath -sourcepath /var/folders/gm/lzn3ylzx4lz7mx29lftngdz40000gn/T/jarde-raw-receiver-replay-lmvlj2uk/empty-sourcepath -d /var/folders/gm/lzn3ylzx4lz7mx29lftngdz40000gn/T/jarde-raw-receiver-replay-lmvlj2uk/jarde-classes /Users/lordcasser/workspace/projects/jarde/openspec/changes/recover-same-class-generic-call-consumers/results/candidate/gc09-raw-64-candidate-v8/jdk23/debug/jarde/RawParam.java /Users/lordcasser/workspace/projects/jarde/openspec/evidence/raw-receiver-field-selection-2026-10-09/source/ReceiverProbe.java
jdk23/debug/RawParam/jarde-verify-run	0	/Library/Java/JavaVirtualMachines/openjdk-23.0.1/Contents/Home/bin/java -Xverify:all -cp /var/folders/gm/lzn3ylzx4lz7mx29lftngdz40000gn/T/jarde-raw-receiver-replay-lmvlj2uk/jarde-classes ReceiverProbe RawParam
jdk23/debug/RawParam/jadx	0	/Users/lordcasser/workspace/testzone/jadx/jadx-cli/build/install/jadx/bin/jadx --no-res --single-class RawParam -d /Users/lordcasser/workspace/projects/jarde/openspec/changes/recover-same-class-generic-call-consumers/results/candidate/gc09-raw-64-candidate-v8/jdk23/debug/jadx/RawParam /Users/lordcasser/workspace/projects/jarde/openspec/evidence/raw-receiver-field-selection-2026-10-09/jdk23/debug/input/RawParam.jar
jdk23/debug/RawParam/jadx-source-header	0	nonempty class source
jdk23/debug/RawParam/jadx-javac	0	/Library/Java/JavaVirtualMachines/openjdk-23.0.1/Contents/Home/bin/javac --release 8 -g -classpath /var/folders/gm/lzn3ylzx4lz7mx29lftngdz40000gn/T/jarde-raw-receiver-replay-lmvlj2uk/empty-classpath -sourcepath /var/folders/gm/lzn3ylzx4lz7mx29lftngdz40000gn/T/jarde-raw-receiver-replay-lmvlj2uk/empty-sourcepath -d /var/folders/gm/lzn3ylzx4lz7mx29lftngdz40000gn/T/jarde-raw-receiver-replay-lmvlj2uk/jadx-classes /Users/lordcasser/workspace/projects/jarde/openspec/changes/recover-same-class-generic-call-consumers/results/candidate/gc09-raw-64-candidate-v8/jdk23/debug/jadx/RawParam/sources/defpackage/RawParam.java /Users/lordcasser/workspace/projects/jarde/openspec/evidence/raw-receiver-field-selection-2026-10-09/source/ReceiverProbe.java
jdk23/debug/RawParam/jadx-verify-run	0	/Library/Java/JavaVirtualMachines/openjdk-23.0.1/Contents/Home/bin/java -Xverify:all -cp /var/folders/gm/lzn3ylzx4lz7mx29lftngdz40000gn/T/jarde-raw-receiver-replay-lmvlj2uk/jadx-classes ReceiverProbe defpackage.RawParam
jdk23/no-debug/RawParam/jar-contents	0	/Library/Java/JavaVirtualMachines/openjdk-23.0.1/Contents/Home/bin/jar tf /Users/lordcasser/workspace/projects/jarde/openspec/evidence/raw-receiver-field-selection-2026-10-09/jdk23/no-debug/input/RawParam.jar
jdk23/no-debug/RawParam/original-javac	0	/Library/Java/JavaVirtualMachines/openjdk-23.0.1/Contents/Home/bin/javac --release 8 -g:none -classpath /var/folders/gm/lzn3ylzx4lz7mx29lftngdz40000gn/T/jarde-raw-receiver-replay-15_5svqa/empty-classpath -sourcepath /var/folders/gm/lzn3ylzx4lz7mx29lftngdz40000gn/T/jarde-raw-receiver-replay-15_5svqa/empty-sourcepath -d /var/folders/gm/lzn3ylzx4lz7mx29lftngdz40000gn/T/jarde-raw-receiver-replay-15_5svqa/original /Users/lordcasser/workspace/projects/jarde/openspec/evidence/raw-receiver-field-selection-2026-10-09/source/RawParam.java
jdk23/no-debug/RawParam/javap	0	/Library/Java/JavaVirtualMachines/openjdk-23.0.1/Contents/Home/bin/javap -p -c -s -v -classpath /Users/lordcasser/workspace/projects/jarde/openspec/evidence/raw-receiver-field-selection-2026-10-09/jdk23/no-debug/input/RawParam.jar RawParam
jdk23/no-debug/RawParam/original-probe-javac	0	/Library/Java/JavaVirtualMachines/openjdk-23.0.1/Contents/Home/bin/javac --release 8 -g:none -classpath /var/folders/gm/lzn3ylzx4lz7mx29lftngdz40000gn/T/jarde-raw-receiver-replay-15_5svqa/empty-classpath -sourcepath /var/folders/gm/lzn3ylzx4lz7mx29lftngdz40000gn/T/jarde-raw-receiver-replay-15_5svqa/empty-sourcepath -d /var/folders/gm/lzn3ylzx4lz7mx29lftngdz40000gn/T/jarde-raw-receiver-replay-15_5svqa/original-probe /Users/lordcasser/workspace/projects/jarde/openspec/evidence/raw-receiver-field-selection-2026-10-09/source/ReceiverProbe.java
jdk23/no-debug/RawParam/original-run	0	/Library/Java/JavaVirtualMachines/openjdk-23.0.1/Contents/Home/bin/java -Xverify:all -cp /var/folders/gm/lzn3ylzx4lz7mx29lftngdz40000gn/T/jarde-raw-receiver-replay-15_5svqa/original:/var/folders/gm/lzn3ylzx4lz7mx29lftngdz40000gn/T/jarde-raw-receiver-replay-15_5svqa/original-probe ReceiverProbe RawParam
jdk23/no-debug/RawParam/jarde-RawParam	0	/private/tmp/jarde-generic-calls-candidate-v8-cli class-source --input /Users/lordcasser/workspace/projects/jarde/openspec/evidence/raw-receiver-field-selection-2026-10-09/jdk23/no-debug/input/RawParam.jar --class RawParam --policy plain-jar --release 8 --format text
jdk23/no-debug/RawParam/jarde-RawParam-source-header	0	nonempty self-describing source
jdk23/no-debug/RawParam/jarde-javac	0	/Library/Java/JavaVirtualMachines/openjdk-23.0.1/Contents/Home/bin/javac --release 8 -g:none -classpath /var/folders/gm/lzn3ylzx4lz7mx29lftngdz40000gn/T/jarde-raw-receiver-replay-15_5svqa/empty-classpath -sourcepath /var/folders/gm/lzn3ylzx4lz7mx29lftngdz40000gn/T/jarde-raw-receiver-replay-15_5svqa/empty-sourcepath -d /var/folders/gm/lzn3ylzx4lz7mx29lftngdz40000gn/T/jarde-raw-receiver-replay-15_5svqa/jarde-classes /Users/lordcasser/workspace/projects/jarde/openspec/changes/recover-same-class-generic-call-consumers/results/candidate/gc09-raw-64-candidate-v8/jdk23/no-debug/jarde/RawParam.java /Users/lordcasser/workspace/projects/jarde/openspec/evidence/raw-receiver-field-selection-2026-10-09/source/ReceiverProbe.java
jdk23/no-debug/RawParam/jarde-verify-run	0	/Library/Java/JavaVirtualMachines/openjdk-23.0.1/Contents/Home/bin/java -Xverify:all -cp /var/folders/gm/lzn3ylzx4lz7mx29lftngdz40000gn/T/jarde-raw-receiver-replay-15_5svqa/jarde-classes ReceiverProbe RawParam
jdk23/no-debug/RawParam/jadx	0	/Users/lordcasser/workspace/testzone/jadx/jadx-cli/build/install/jadx/bin/jadx --no-res --single-class RawParam -d /Users/lordcasser/workspace/projects/jarde/openspec/changes/recover-same-class-generic-call-consumers/results/candidate/gc09-raw-64-candidate-v8/jdk23/no-debug/jadx/RawParam /Users/lordcasser/workspace/projects/jarde/openspec/evidence/raw-receiver-field-selection-2026-10-09/jdk23/no-debug/input/RawParam.jar
jdk23/no-debug/RawParam/jadx-source-header	0	nonempty class source
jdk23/no-debug/RawParam/jadx-javac	0	/Library/Java/JavaVirtualMachines/openjdk-23.0.1/Contents/Home/bin/javac --release 8 -g:none -classpath /var/folders/gm/lzn3ylzx4lz7mx29lftngdz40000gn/T/jarde-raw-receiver-replay-15_5svqa/empty-classpath -sourcepath /var/folders/gm/lzn3ylzx4lz7mx29lftngdz40000gn/T/jarde-raw-receiver-replay-15_5svqa/empty-sourcepath -d /var/folders/gm/lzn3ylzx4lz7mx29lftngdz40000gn/T/jarde-raw-receiver-replay-15_5svqa/jadx-classes /Users/lordcasser/workspace/projects/jarde/openspec/changes/recover-same-class-generic-call-consumers/results/candidate/gc09-raw-64-candidate-v8/jdk23/no-debug/jadx/RawParam/sources/defpackage/RawParam.java /Users/lordcasser/workspace/projects/jarde/openspec/evidence/raw-receiver-field-selection-2026-10-09/source/ReceiverProbe.java
jdk23/no-debug/RawParam/jadx-verify-run	0	/Library/Java/JavaVirtualMachines/openjdk-23.0.1/Contents/Home/bin/java -Xverify:all -cp /var/folders/gm/lzn3ylzx4lz7mx29lftngdz40000gn/T/jarde-raw-receiver-replay-15_5svqa/jadx-classes ReceiverProbe defpackage.RawParam
jdk23/debug/StaticRawLocal/jar-contents	0	/Library/Java/JavaVirtualMachines/openjdk-23.0.1/Contents/Home/bin/jar tf /Users/lordcasser/workspace/projects/jarde/openspec/evidence/raw-receiver-field-selection-2026-10-09/jdk23/debug/input/StaticRawLocal.jar
jdk23/debug/StaticRawLocal/original-javac	0	/Library/Java/JavaVirtualMachines/openjdk-23.0.1/Contents/Home/bin/javac --release 8 -g -classpath /var/folders/gm/lzn3ylzx4lz7mx29lftngdz40000gn/T/jarde-raw-receiver-replay-7xhzarqb/empty-classpath -sourcepath /var/folders/gm/lzn3ylzx4lz7mx29lftngdz40000gn/T/jarde-raw-receiver-replay-7xhzarqb/empty-sourcepath -d /var/folders/gm/lzn3ylzx4lz7mx29lftngdz40000gn/T/jarde-raw-receiver-replay-7xhzarqb/original /Users/lordcasser/workspace/projects/jarde/openspec/evidence/raw-receiver-field-selection-2026-10-09/source/StaticRawLocal.java
jdk23/debug/StaticRawLocal/javap	0	/Library/Java/JavaVirtualMachines/openjdk-23.0.1/Contents/Home/bin/javap -p -c -s -v -classpath /Users/lordcasser/workspace/projects/jarde/openspec/evidence/raw-receiver-field-selection-2026-10-09/jdk23/debug/input/StaticRawLocal.jar StaticRawLocal
jdk23/debug/StaticRawLocal/original-probe-javac	0	/Library/Java/JavaVirtualMachines/openjdk-23.0.1/Contents/Home/bin/javac --release 8 -g -classpath /var/folders/gm/lzn3ylzx4lz7mx29lftngdz40000gn/T/jarde-raw-receiver-replay-7xhzarqb/empty-classpath -sourcepath /var/folders/gm/lzn3ylzx4lz7mx29lftngdz40000gn/T/jarde-raw-receiver-replay-7xhzarqb/empty-sourcepath -d /var/folders/gm/lzn3ylzx4lz7mx29lftngdz40000gn/T/jarde-raw-receiver-replay-7xhzarqb/original-probe /Users/lordcasser/workspace/projects/jarde/openspec/evidence/raw-receiver-field-selection-2026-10-09/source/ReceiverProbe.java
jdk23/debug/StaticRawLocal/original-run	0	/Library/Java/JavaVirtualMachines/openjdk-23.0.1/Contents/Home/bin/java -Xverify:all -cp /var/folders/gm/lzn3ylzx4lz7mx29lftngdz40000gn/T/jarde-raw-receiver-replay-7xhzarqb/original:/var/folders/gm/lzn3ylzx4lz7mx29lftngdz40000gn/T/jarde-raw-receiver-replay-7xhzarqb/original-probe ReceiverProbe StaticRawLocal
jdk23/debug/StaticRawLocal/jarde-StaticRawLocal	0	/private/tmp/jarde-generic-calls-candidate-v8-cli class-source --input /Users/lordcasser/workspace/projects/jarde/openspec/evidence/raw-receiver-field-selection-2026-10-09/jdk23/debug/input/StaticRawLocal.jar --class StaticRawLocal --policy plain-jar --release 8 --format text
jdk23/debug/StaticRawLocal/jarde-StaticRawLocal-source-header	0	nonempty self-describing source
jdk23/debug/StaticRawLocal/jarde-javac	0	/Library/Java/JavaVirtualMachines/openjdk-23.0.1/Contents/Home/bin/javac --release 8 -g -classpath /var/folders/gm/lzn3ylzx4lz7mx29lftngdz40000gn/T/jarde-raw-receiver-replay-7xhzarqb/empty-classpath -sourcepath /var/folders/gm/lzn3ylzx4lz7mx29lftngdz40000gn/T/jarde-raw-receiver-replay-7xhzarqb/empty-sourcepath -d /var/folders/gm/lzn3ylzx4lz7mx29lftngdz40000gn/T/jarde-raw-receiver-replay-7xhzarqb/jarde-classes /Users/lordcasser/workspace/projects/jarde/openspec/changes/recover-same-class-generic-call-consumers/results/candidate/gc09-raw-64-candidate-v8/jdk23/debug/jarde/StaticRawLocal.java /Users/lordcasser/workspace/projects/jarde/openspec/evidence/raw-receiver-field-selection-2026-10-09/source/ReceiverProbe.java
jdk23/debug/StaticRawLocal/jarde-verify-run	0	/Library/Java/JavaVirtualMachines/openjdk-23.0.1/Contents/Home/bin/java -Xverify:all -cp /var/folders/gm/lzn3ylzx4lz7mx29lftngdz40000gn/T/jarde-raw-receiver-replay-7xhzarqb/jarde-classes ReceiverProbe StaticRawLocal
jdk23/debug/StaticRawLocal/jadx	0	/Users/lordcasser/workspace/testzone/jadx/jadx-cli/build/install/jadx/bin/jadx --no-res --single-class StaticRawLocal -d /Users/lordcasser/workspace/projects/jarde/openspec/changes/recover-same-class-generic-call-consumers/results/candidate/gc09-raw-64-candidate-v8/jdk23/debug/jadx/StaticRawLocal /Users/lordcasser/workspace/projects/jarde/openspec/evidence/raw-receiver-field-selection-2026-10-09/jdk23/debug/input/StaticRawLocal.jar
jdk23/debug/StaticRawLocal/jadx-source-header	0	nonempty class source
jdk23/debug/StaticRawLocal/jadx-javac	0	/Library/Java/JavaVirtualMachines/openjdk-23.0.1/Contents/Home/bin/javac --release 8 -g -classpath /var/folders/gm/lzn3ylzx4lz7mx29lftngdz40000gn/T/jarde-raw-receiver-replay-7xhzarqb/empty-classpath -sourcepath /var/folders/gm/lzn3ylzx4lz7mx29lftngdz40000gn/T/jarde-raw-receiver-replay-7xhzarqb/empty-sourcepath -d /var/folders/gm/lzn3ylzx4lz7mx29lftngdz40000gn/T/jarde-raw-receiver-replay-7xhzarqb/jadx-classes /Users/lordcasser/workspace/projects/jarde/openspec/changes/recover-same-class-generic-call-consumers/results/candidate/gc09-raw-64-candidate-v8/jdk23/debug/jadx/StaticRawLocal/sources/defpackage/StaticRawLocal.java /Users/lordcasser/workspace/projects/jarde/openspec/evidence/raw-receiver-field-selection-2026-10-09/source/ReceiverProbe.java
jdk23/debug/StaticRawLocal/jadx-verify-run	0	/Library/Java/JavaVirtualMachines/openjdk-23.0.1/Contents/Home/bin/java -Xverify:all -cp /var/folders/gm/lzn3ylzx4lz7mx29lftngdz40000gn/T/jarde-raw-receiver-replay-7xhzarqb/jadx-classes ReceiverProbe defpackage.StaticRawLocal
jdk23/no-debug/StaticRawLocal/jar-contents	0	/Library/Java/JavaVirtualMachines/openjdk-23.0.1/Contents/Home/bin/jar tf /Users/lordcasser/workspace/projects/jarde/openspec/evidence/raw-receiver-field-selection-2026-10-09/jdk23/no-debug/input/StaticRawLocal.jar
jdk23/no-debug/StaticRawLocal/original-javac	0	/Library/Java/JavaVirtualMachines/openjdk-23.0.1/Contents/Home/bin/javac --release 8 -g:none -classpath /var/folders/gm/lzn3ylzx4lz7mx29lftngdz40000gn/T/jarde-raw-receiver-replay-zoscgb49/empty-classpath -sourcepath /var/folders/gm/lzn3ylzx4lz7mx29lftngdz40000gn/T/jarde-raw-receiver-replay-zoscgb49/empty-sourcepath -d /var/folders/gm/lzn3ylzx4lz7mx29lftngdz40000gn/T/jarde-raw-receiver-replay-zoscgb49/original /Users/lordcasser/workspace/projects/jarde/openspec/evidence/raw-receiver-field-selection-2026-10-09/source/StaticRawLocal.java
jdk23/no-debug/StaticRawLocal/javap	0	/Library/Java/JavaVirtualMachines/openjdk-23.0.1/Contents/Home/bin/javap -p -c -s -v -classpath /Users/lordcasser/workspace/projects/jarde/openspec/evidence/raw-receiver-field-selection-2026-10-09/jdk23/no-debug/input/StaticRawLocal.jar StaticRawLocal
jdk23/no-debug/StaticRawLocal/original-probe-javac	0	/Library/Java/JavaVirtualMachines/openjdk-23.0.1/Contents/Home/bin/javac --release 8 -g:none -classpath /var/folders/gm/lzn3ylzx4lz7mx29lftngdz40000gn/T/jarde-raw-receiver-replay-zoscgb49/empty-classpath -sourcepath /var/folders/gm/lzn3ylzx4lz7mx29lftngdz40000gn/T/jarde-raw-receiver-replay-zoscgb49/empty-sourcepath -d /var/folders/gm/lzn3ylzx4lz7mx29lftngdz40000gn/T/jarde-raw-receiver-replay-zoscgb49/original-probe /Users/lordcasser/workspace/projects/jarde/openspec/evidence/raw-receiver-field-selection-2026-10-09/source/ReceiverProbe.java
jdk23/no-debug/StaticRawLocal/original-run	0	/Library/Java/JavaVirtualMachines/openjdk-23.0.1/Contents/Home/bin/java -Xverify:all -cp /var/folders/gm/lzn3ylzx4lz7mx29lftngdz40000gn/T/jarde-raw-receiver-replay-zoscgb49/original:/var/folders/gm/lzn3ylzx4lz7mx29lftngdz40000gn/T/jarde-raw-receiver-replay-zoscgb49/original-probe ReceiverProbe StaticRawLocal
jdk23/no-debug/StaticRawLocal/jarde-StaticRawLocal	0	/private/tmp/jarde-generic-calls-candidate-v8-cli class-source --input /Users/lordcasser/workspace/projects/jarde/openspec/evidence/raw-receiver-field-selection-2026-10-09/jdk23/no-debug/input/StaticRawLocal.jar --class StaticRawLocal --policy plain-jar --release 8 --format text
jdk23/no-debug/StaticRawLocal/jarde-StaticRawLocal-source-header	0	nonempty self-describing source
jdk23/no-debug/StaticRawLocal/jarde-javac	0	/Library/Java/JavaVirtualMachines/openjdk-23.0.1/Contents/Home/bin/javac --release 8 -g:none -classpath /var/folders/gm/lzn3ylzx4lz7mx29lftngdz40000gn/T/jarde-raw-receiver-replay-zoscgb49/empty-classpath -sourcepath /var/folders/gm/lzn3ylzx4lz7mx29lftngdz40000gn/T/jarde-raw-receiver-replay-zoscgb49/empty-sourcepath -d /var/folders/gm/lzn3ylzx4lz7mx29lftngdz40000gn/T/jarde-raw-receiver-replay-zoscgb49/jarde-classes /Users/lordcasser/workspace/projects/jarde/openspec/changes/recover-same-class-generic-call-consumers/results/candidate/gc09-raw-64-candidate-v8/jdk23/no-debug/jarde/StaticRawLocal.java /Users/lordcasser/workspace/projects/jarde/openspec/evidence/raw-receiver-field-selection-2026-10-09/source/ReceiverProbe.java
jdk23/no-debug/StaticRawLocal/jarde-verify-run	0	/Library/Java/JavaVirtualMachines/openjdk-23.0.1/Contents/Home/bin/java -Xverify:all -cp /var/folders/gm/lzn3ylzx4lz7mx29lftngdz40000gn/T/jarde-raw-receiver-replay-zoscgb49/jarde-classes ReceiverProbe StaticRawLocal
jdk23/no-debug/StaticRawLocal/jadx	0	/Users/lordcasser/workspace/testzone/jadx/jadx-cli/build/install/jadx/bin/jadx --no-res --single-class StaticRawLocal -d /Users/lordcasser/workspace/projects/jarde/openspec/changes/recover-same-class-generic-call-consumers/results/candidate/gc09-raw-64-candidate-v8/jdk23/no-debug/jadx/StaticRawLocal /Users/lordcasser/workspace/projects/jarde/openspec/evidence/raw-receiver-field-selection-2026-10-09/jdk23/no-debug/input/StaticRawLocal.jar
jdk23/no-debug/StaticRawLocal/jadx-source-header	0	nonempty class source
jdk23/no-debug/StaticRawLocal/jadx-javac	0	/Library/Java/JavaVirtualMachines/openjdk-23.0.1/Contents/Home/bin/javac --release 8 -g:none -classpath /var/folders/gm/lzn3ylzx4lz7mx29lftngdz40000gn/T/jarde-raw-receiver-replay-zoscgb49/empty-classpath -sourcepath /var/folders/gm/lzn3ylzx4lz7mx29lftngdz40000gn/T/jarde-raw-receiver-replay-zoscgb49/empty-sourcepath -d /var/folders/gm/lzn3ylzx4lz7mx29lftngdz40000gn/T/jarde-raw-receiver-replay-zoscgb49/jadx-classes /Users/lordcasser/workspace/projects/jarde/openspec/changes/recover-same-class-generic-call-consumers/results/candidate/gc09-raw-64-candidate-v8/jdk23/no-debug/jadx/StaticRawLocal/sources/defpackage/StaticRawLocal.java /Users/lordcasser/workspace/projects/jarde/openspec/evidence/raw-receiver-field-selection-2026-10-09/source/ReceiverProbe.java
jdk23/no-debug/StaticRawLocal/jadx-verify-run	0	/Library/Java/JavaVirtualMachines/openjdk-23.0.1/Contents/Home/bin/java -Xverify:all -cp /var/folders/gm/lzn3ylzx4lz7mx29lftngdz40000gn/T/jarde-raw-receiver-replay-zoscgb49/jadx-classes ReceiverProbe defpackage.StaticRawLocal
jdk23/debug/InstanceRawLocal/jar-contents	0	/Library/Java/JavaVirtualMachines/openjdk-23.0.1/Contents/Home/bin/jar tf /Users/lordcasser/workspace/projects/jarde/openspec/evidence/raw-receiver-field-selection-2026-10-09/jdk23/debug/input/InstanceRawLocal.jar
jdk23/debug/InstanceRawLocal/original-javac	0	/Library/Java/JavaVirtualMachines/openjdk-23.0.1/Contents/Home/bin/javac --release 8 -g -classpath /var/folders/gm/lzn3ylzx4lz7mx29lftngdz40000gn/T/jarde-raw-receiver-replay-b0a91g_9/empty-classpath -sourcepath /var/folders/gm/lzn3ylzx4lz7mx29lftngdz40000gn/T/jarde-raw-receiver-replay-b0a91g_9/empty-sourcepath -d /var/folders/gm/lzn3ylzx4lz7mx29lftngdz40000gn/T/jarde-raw-receiver-replay-b0a91g_9/original /Users/lordcasser/workspace/projects/jarde/openspec/evidence/raw-receiver-field-selection-2026-10-09/source/InstanceRawLocal.java
jdk23/debug/InstanceRawLocal/javap	0	/Library/Java/JavaVirtualMachines/openjdk-23.0.1/Contents/Home/bin/javap -p -c -s -v -classpath /Users/lordcasser/workspace/projects/jarde/openspec/evidence/raw-receiver-field-selection-2026-10-09/jdk23/debug/input/InstanceRawLocal.jar InstanceRawLocal
jdk23/debug/InstanceRawLocal/original-probe-javac	0	/Library/Java/JavaVirtualMachines/openjdk-23.0.1/Contents/Home/bin/javac --release 8 -g -classpath /var/folders/gm/lzn3ylzx4lz7mx29lftngdz40000gn/T/jarde-raw-receiver-replay-b0a91g_9/empty-classpath -sourcepath /var/folders/gm/lzn3ylzx4lz7mx29lftngdz40000gn/T/jarde-raw-receiver-replay-b0a91g_9/empty-sourcepath -d /var/folders/gm/lzn3ylzx4lz7mx29lftngdz40000gn/T/jarde-raw-receiver-replay-b0a91g_9/original-probe /Users/lordcasser/workspace/projects/jarde/openspec/evidence/raw-receiver-field-selection-2026-10-09/source/ReceiverProbe.java
jdk23/debug/InstanceRawLocal/original-run	0	/Library/Java/JavaVirtualMachines/openjdk-23.0.1/Contents/Home/bin/java -Xverify:all -cp /var/folders/gm/lzn3ylzx4lz7mx29lftngdz40000gn/T/jarde-raw-receiver-replay-b0a91g_9/original:/var/folders/gm/lzn3ylzx4lz7mx29lftngdz40000gn/T/jarde-raw-receiver-replay-b0a91g_9/original-probe ReceiverProbe InstanceRawLocal
jdk23/debug/InstanceRawLocal/jarde-InstanceRawLocal	0	/private/tmp/jarde-generic-calls-candidate-v8-cli class-source --input /Users/lordcasser/workspace/projects/jarde/openspec/evidence/raw-receiver-field-selection-2026-10-09/jdk23/debug/input/InstanceRawLocal.jar --class InstanceRawLocal --policy plain-jar --release 8 --format text
jdk23/debug/InstanceRawLocal/jarde-InstanceRawLocal-source-header	0	nonempty self-describing source
jdk23/debug/InstanceRawLocal/jarde-javac	0	/Library/Java/JavaVirtualMachines/openjdk-23.0.1/Contents/Home/bin/javac --release 8 -g -classpath /var/folders/gm/lzn3ylzx4lz7mx29lftngdz40000gn/T/jarde-raw-receiver-replay-b0a91g_9/empty-classpath -sourcepath /var/folders/gm/lzn3ylzx4lz7mx29lftngdz40000gn/T/jarde-raw-receiver-replay-b0a91g_9/empty-sourcepath -d /var/folders/gm/lzn3ylzx4lz7mx29lftngdz40000gn/T/jarde-raw-receiver-replay-b0a91g_9/jarde-classes /Users/lordcasser/workspace/projects/jarde/openspec/changes/recover-same-class-generic-call-consumers/results/candidate/gc09-raw-64-candidate-v8/jdk23/debug/jarde/InstanceRawLocal.java /Users/lordcasser/workspace/projects/jarde/openspec/evidence/raw-receiver-field-selection-2026-10-09/source/ReceiverProbe.java
jdk23/debug/InstanceRawLocal/jarde-verify-run	0	/Library/Java/JavaVirtualMachines/openjdk-23.0.1/Contents/Home/bin/java -Xverify:all -cp /var/folders/gm/lzn3ylzx4lz7mx29lftngdz40000gn/T/jarde-raw-receiver-replay-b0a91g_9/jarde-classes ReceiverProbe InstanceRawLocal
jdk23/debug/InstanceRawLocal/jadx	0	/Users/lordcasser/workspace/testzone/jadx/jadx-cli/build/install/jadx/bin/jadx --no-res --single-class InstanceRawLocal -d /Users/lordcasser/workspace/projects/jarde/openspec/changes/recover-same-class-generic-call-consumers/results/candidate/gc09-raw-64-candidate-v8/jdk23/debug/jadx/InstanceRawLocal /Users/lordcasser/workspace/projects/jarde/openspec/evidence/raw-receiver-field-selection-2026-10-09/jdk23/debug/input/InstanceRawLocal.jar
jdk23/debug/InstanceRawLocal/jadx-source-header	0	nonempty class source
jdk23/debug/InstanceRawLocal/jadx-javac	1	/Library/Java/JavaVirtualMachines/openjdk-23.0.1/Contents/Home/bin/javac --release 8 -g -classpath /var/folders/gm/lzn3ylzx4lz7mx29lftngdz40000gn/T/jarde-raw-receiver-replay-b0a91g_9/empty-classpath -sourcepath /var/folders/gm/lzn3ylzx4lz7mx29lftngdz40000gn/T/jarde-raw-receiver-replay-b0a91g_9/empty-sourcepath -d /var/folders/gm/lzn3ylzx4lz7mx29lftngdz40000gn/T/jarde-raw-receiver-replay-b0a91g_9/jadx-classes /Users/lordcasser/workspace/projects/jarde/openspec/changes/recover-same-class-generic-call-consumers/results/candidate/gc09-raw-64-candidate-v8/jdk23/debug/jadx/InstanceRawLocal/sources/defpackage/InstanceRawLocal.java /Users/lordcasser/workspace/projects/jarde/openspec/evidence/raw-receiver-field-selection-2026-10-09/source/ReceiverProbe.java
jdk23/no-debug/InstanceRawLocal/jar-contents	0	/Library/Java/JavaVirtualMachines/openjdk-23.0.1/Contents/Home/bin/jar tf /Users/lordcasser/workspace/projects/jarde/openspec/evidence/raw-receiver-field-selection-2026-10-09/jdk23/no-debug/input/InstanceRawLocal.jar
jdk23/no-debug/InstanceRawLocal/original-javac	0	/Library/Java/JavaVirtualMachines/openjdk-23.0.1/Contents/Home/bin/javac --release 8 -g:none -classpath /var/folders/gm/lzn3ylzx4lz7mx29lftngdz40000gn/T/jarde-raw-receiver-replay-gvu641fv/empty-classpath -sourcepath /var/folders/gm/lzn3ylzx4lz7mx29lftngdz40000gn/T/jarde-raw-receiver-replay-gvu641fv/empty-sourcepath -d /var/folders/gm/lzn3ylzx4lz7mx29lftngdz40000gn/T/jarde-raw-receiver-replay-gvu641fv/original /Users/lordcasser/workspace/projects/jarde/openspec/evidence/raw-receiver-field-selection-2026-10-09/source/InstanceRawLocal.java
jdk23/no-debug/InstanceRawLocal/javap	0	/Library/Java/JavaVirtualMachines/openjdk-23.0.1/Contents/Home/bin/javap -p -c -s -v -classpath /Users/lordcasser/workspace/projects/jarde/openspec/evidence/raw-receiver-field-selection-2026-10-09/jdk23/no-debug/input/InstanceRawLocal.jar InstanceRawLocal
jdk23/no-debug/InstanceRawLocal/original-probe-javac	0	/Library/Java/JavaVirtualMachines/openjdk-23.0.1/Contents/Home/bin/javac --release 8 -g:none -classpath /var/folders/gm/lzn3ylzx4lz7mx29lftngdz40000gn/T/jarde-raw-receiver-replay-gvu641fv/empty-classpath -sourcepath /var/folders/gm/lzn3ylzx4lz7mx29lftngdz40000gn/T/jarde-raw-receiver-replay-gvu641fv/empty-sourcepath -d /var/folders/gm/lzn3ylzx4lz7mx29lftngdz40000gn/T/jarde-raw-receiver-replay-gvu641fv/original-probe /Users/lordcasser/workspace/projects/jarde/openspec/evidence/raw-receiver-field-selection-2026-10-09/source/ReceiverProbe.java
jdk23/no-debug/InstanceRawLocal/original-run	0	/Library/Java/JavaVirtualMachines/openjdk-23.0.1/Contents/Home/bin/java -Xverify:all -cp /var/folders/gm/lzn3ylzx4lz7mx29lftngdz40000gn/T/jarde-raw-receiver-replay-gvu641fv/original:/var/folders/gm/lzn3ylzx4lz7mx29lftngdz40000gn/T/jarde-raw-receiver-replay-gvu641fv/original-probe ReceiverProbe InstanceRawLocal
jdk23/no-debug/InstanceRawLocal/jarde-InstanceRawLocal	0	/private/tmp/jarde-generic-calls-candidate-v8-cli class-source --input /Users/lordcasser/workspace/projects/jarde/openspec/evidence/raw-receiver-field-selection-2026-10-09/jdk23/no-debug/input/InstanceRawLocal.jar --class InstanceRawLocal --policy plain-jar --release 8 --format text
jdk23/no-debug/InstanceRawLocal/jarde-InstanceRawLocal-source-header	0	nonempty self-describing source
jdk23/no-debug/InstanceRawLocal/jarde-javac	0	/Library/Java/JavaVirtualMachines/openjdk-23.0.1/Contents/Home/bin/javac --release 8 -g:none -classpath /var/folders/gm/lzn3ylzx4lz7mx29lftngdz40000gn/T/jarde-raw-receiver-replay-gvu641fv/empty-classpath -sourcepath /var/folders/gm/lzn3ylzx4lz7mx29lftngdz40000gn/T/jarde-raw-receiver-replay-gvu641fv/empty-sourcepath -d /var/folders/gm/lzn3ylzx4lz7mx29lftngdz40000gn/T/jarde-raw-receiver-replay-gvu641fv/jarde-classes /Users/lordcasser/workspace/projects/jarde/openspec/changes/recover-same-class-generic-call-consumers/results/candidate/gc09-raw-64-candidate-v8/jdk23/no-debug/jarde/InstanceRawLocal.java /Users/lordcasser/workspace/projects/jarde/openspec/evidence/raw-receiver-field-selection-2026-10-09/source/ReceiverProbe.java
jdk23/no-debug/InstanceRawLocal/jarde-verify-run	0	/Library/Java/JavaVirtualMachines/openjdk-23.0.1/Contents/Home/bin/java -Xverify:all -cp /var/folders/gm/lzn3ylzx4lz7mx29lftngdz40000gn/T/jarde-raw-receiver-replay-gvu641fv/jarde-classes ReceiverProbe InstanceRawLocal
jdk23/no-debug/InstanceRawLocal/jadx	0	/Users/lordcasser/workspace/testzone/jadx/jadx-cli/build/install/jadx/bin/jadx --no-res --single-class InstanceRawLocal -d /Users/lordcasser/workspace/projects/jarde/openspec/changes/recover-same-class-generic-call-consumers/results/candidate/gc09-raw-64-candidate-v8/jdk23/no-debug/jadx/InstanceRawLocal /Users/lordcasser/workspace/projects/jarde/openspec/evidence/raw-receiver-field-selection-2026-10-09/jdk23/no-debug/input/InstanceRawLocal.jar
jdk23/no-debug/InstanceRawLocal/jadx-source-header	0	nonempty class source
jdk23/no-debug/InstanceRawLocal/jadx-javac	1	/Library/Java/JavaVirtualMachines/openjdk-23.0.1/Contents/Home/bin/javac --release 8 -g:none -classpath /var/folders/gm/lzn3ylzx4lz7mx29lftngdz40000gn/T/jarde-raw-receiver-replay-gvu641fv/empty-classpath -sourcepath /var/folders/gm/lzn3ylzx4lz7mx29lftngdz40000gn/T/jarde-raw-receiver-replay-gvu641fv/empty-sourcepath -d /var/folders/gm/lzn3ylzx4lz7mx29lftngdz40000gn/T/jarde-raw-receiver-replay-gvu641fv/jadx-classes /Users/lordcasser/workspace/projects/jarde/openspec/changes/recover-same-class-generic-call-consumers/results/candidate/gc09-raw-64-candidate-v8/jdk23/no-debug/jadx/InstanceRawLocal/sources/defpackage/InstanceRawLocal.java /Users/lordcasser/workspace/projects/jarde/openspec/evidence/raw-receiver-field-selection-2026-10-09/source/ReceiverProbe.java
jdk23/debug/TypedReceiver/jar-contents	0	/Library/Java/JavaVirtualMachines/openjdk-23.0.1/Contents/Home/bin/jar tf /Users/lordcasser/workspace/projects/jarde/openspec/evidence/raw-receiver-field-selection-2026-10-09/jdk23/debug/input/TypedReceiver.jar
jdk23/debug/TypedReceiver/original-javac	0	/Library/Java/JavaVirtualMachines/openjdk-23.0.1/Contents/Home/bin/javac --release 8 -g -classpath /var/folders/gm/lzn3ylzx4lz7mx29lftngdz40000gn/T/jarde-raw-receiver-replay-mtxqa_y_/empty-classpath -sourcepath /var/folders/gm/lzn3ylzx4lz7mx29lftngdz40000gn/T/jarde-raw-receiver-replay-mtxqa_y_/empty-sourcepath -d /var/folders/gm/lzn3ylzx4lz7mx29lftngdz40000gn/T/jarde-raw-receiver-replay-mtxqa_y_/original /Users/lordcasser/workspace/projects/jarde/openspec/evidence/raw-receiver-field-selection-2026-10-09/source/TypedReceiver.java
jdk23/debug/TypedReceiver/javap	0	/Library/Java/JavaVirtualMachines/openjdk-23.0.1/Contents/Home/bin/javap -p -c -s -v -classpath /Users/lordcasser/workspace/projects/jarde/openspec/evidence/raw-receiver-field-selection-2026-10-09/jdk23/debug/input/TypedReceiver.jar TypedReceiver
jdk23/debug/TypedReceiver/original-probe-javac	0	/Library/Java/JavaVirtualMachines/openjdk-23.0.1/Contents/Home/bin/javac --release 8 -g -classpath /var/folders/gm/lzn3ylzx4lz7mx29lftngdz40000gn/T/jarde-raw-receiver-replay-mtxqa_y_/empty-classpath -sourcepath /var/folders/gm/lzn3ylzx4lz7mx29lftngdz40000gn/T/jarde-raw-receiver-replay-mtxqa_y_/empty-sourcepath -d /var/folders/gm/lzn3ylzx4lz7mx29lftngdz40000gn/T/jarde-raw-receiver-replay-mtxqa_y_/original-probe /Users/lordcasser/workspace/projects/jarde/openspec/evidence/raw-receiver-field-selection-2026-10-09/source/ReceiverProbe.java
jdk23/debug/TypedReceiver/original-run	0	/Library/Java/JavaVirtualMachines/openjdk-23.0.1/Contents/Home/bin/java -Xverify:all -cp /var/folders/gm/lzn3ylzx4lz7mx29lftngdz40000gn/T/jarde-raw-receiver-replay-mtxqa_y_/original:/var/folders/gm/lzn3ylzx4lz7mx29lftngdz40000gn/T/jarde-raw-receiver-replay-mtxqa_y_/original-probe ReceiverProbe TypedReceiver
jdk23/debug/TypedReceiver/jarde-TypedReceiver	0	/private/tmp/jarde-generic-calls-candidate-v8-cli class-source --input /Users/lordcasser/workspace/projects/jarde/openspec/evidence/raw-receiver-field-selection-2026-10-09/jdk23/debug/input/TypedReceiver.jar --class TypedReceiver --policy plain-jar --release 8 --format text
jdk23/debug/TypedReceiver/jarde-TypedReceiver-source-header	0	nonempty self-describing source
jdk23/debug/TypedReceiver/jarde-javac	0	/Library/Java/JavaVirtualMachines/openjdk-23.0.1/Contents/Home/bin/javac --release 8 -g -classpath /var/folders/gm/lzn3ylzx4lz7mx29lftngdz40000gn/T/jarde-raw-receiver-replay-mtxqa_y_/empty-classpath -sourcepath /var/folders/gm/lzn3ylzx4lz7mx29lftngdz40000gn/T/jarde-raw-receiver-replay-mtxqa_y_/empty-sourcepath -d /var/folders/gm/lzn3ylzx4lz7mx29lftngdz40000gn/T/jarde-raw-receiver-replay-mtxqa_y_/jarde-classes /Users/lordcasser/workspace/projects/jarde/openspec/changes/recover-same-class-generic-call-consumers/results/candidate/gc09-raw-64-candidate-v8/jdk23/debug/jarde/TypedReceiver.java /Users/lordcasser/workspace/projects/jarde/openspec/evidence/raw-receiver-field-selection-2026-10-09/source/ReceiverProbe.java
jdk23/debug/TypedReceiver/jarde-verify-run	0	/Library/Java/JavaVirtualMachines/openjdk-23.0.1/Contents/Home/bin/java -Xverify:all -cp /var/folders/gm/lzn3ylzx4lz7mx29lftngdz40000gn/T/jarde-raw-receiver-replay-mtxqa_y_/jarde-classes ReceiverProbe TypedReceiver
jdk23/debug/TypedReceiver/jadx	0	/Users/lordcasser/workspace/testzone/jadx/jadx-cli/build/install/jadx/bin/jadx --no-res --single-class TypedReceiver -d /Users/lordcasser/workspace/projects/jarde/openspec/changes/recover-same-class-generic-call-consumers/results/candidate/gc09-raw-64-candidate-v8/jdk23/debug/jadx/TypedReceiver /Users/lordcasser/workspace/projects/jarde/openspec/evidence/raw-receiver-field-selection-2026-10-09/jdk23/debug/input/TypedReceiver.jar
jdk23/debug/TypedReceiver/jadx-source-header	0	nonempty class source
jdk23/debug/TypedReceiver/jadx-javac	0	/Library/Java/JavaVirtualMachines/openjdk-23.0.1/Contents/Home/bin/javac --release 8 -g -classpath /var/folders/gm/lzn3ylzx4lz7mx29lftngdz40000gn/T/jarde-raw-receiver-replay-mtxqa_y_/empty-classpath -sourcepath /var/folders/gm/lzn3ylzx4lz7mx29lftngdz40000gn/T/jarde-raw-receiver-replay-mtxqa_y_/empty-sourcepath -d /var/folders/gm/lzn3ylzx4lz7mx29lftngdz40000gn/T/jarde-raw-receiver-replay-mtxqa_y_/jadx-classes /Users/lordcasser/workspace/projects/jarde/openspec/changes/recover-same-class-generic-call-consumers/results/candidate/gc09-raw-64-candidate-v8/jdk23/debug/jadx/TypedReceiver/sources/defpackage/TypedReceiver.java /Users/lordcasser/workspace/projects/jarde/openspec/evidence/raw-receiver-field-selection-2026-10-09/source/ReceiverProbe.java
jdk23/debug/TypedReceiver/jadx-verify-run	0	/Library/Java/JavaVirtualMachines/openjdk-23.0.1/Contents/Home/bin/java -Xverify:all -cp /var/folders/gm/lzn3ylzx4lz7mx29lftngdz40000gn/T/jarde-raw-receiver-replay-mtxqa_y_/jadx-classes ReceiverProbe defpackage.TypedReceiver
jdk23/no-debug/TypedReceiver/jar-contents	0	/Library/Java/JavaVirtualMachines/openjdk-23.0.1/Contents/Home/bin/jar tf /Users/lordcasser/workspace/projects/jarde/openspec/evidence/raw-receiver-field-selection-2026-10-09/jdk23/no-debug/input/TypedReceiver.jar
jdk23/no-debug/TypedReceiver/original-javac	0	/Library/Java/JavaVirtualMachines/openjdk-23.0.1/Contents/Home/bin/javac --release 8 -g:none -classpath /var/folders/gm/lzn3ylzx4lz7mx29lftngdz40000gn/T/jarde-raw-receiver-replay-o00qqnr6/empty-classpath -sourcepath /var/folders/gm/lzn3ylzx4lz7mx29lftngdz40000gn/T/jarde-raw-receiver-replay-o00qqnr6/empty-sourcepath -d /var/folders/gm/lzn3ylzx4lz7mx29lftngdz40000gn/T/jarde-raw-receiver-replay-o00qqnr6/original /Users/lordcasser/workspace/projects/jarde/openspec/evidence/raw-receiver-field-selection-2026-10-09/source/TypedReceiver.java
jdk23/no-debug/TypedReceiver/javap	0	/Library/Java/JavaVirtualMachines/openjdk-23.0.1/Contents/Home/bin/javap -p -c -s -v -classpath /Users/lordcasser/workspace/projects/jarde/openspec/evidence/raw-receiver-field-selection-2026-10-09/jdk23/no-debug/input/TypedReceiver.jar TypedReceiver
jdk23/no-debug/TypedReceiver/original-probe-javac	0	/Library/Java/JavaVirtualMachines/openjdk-23.0.1/Contents/Home/bin/javac --release 8 -g:none -classpath /var/folders/gm/lzn3ylzx4lz7mx29lftngdz40000gn/T/jarde-raw-receiver-replay-o00qqnr6/empty-classpath -sourcepath /var/folders/gm/lzn3ylzx4lz7mx29lftngdz40000gn/T/jarde-raw-receiver-replay-o00qqnr6/empty-sourcepath -d /var/folders/gm/lzn3ylzx4lz7mx29lftngdz40000gn/T/jarde-raw-receiver-replay-o00qqnr6/original-probe /Users/lordcasser/workspace/projects/jarde/openspec/evidence/raw-receiver-field-selection-2026-10-09/source/ReceiverProbe.java
jdk23/no-debug/TypedReceiver/original-run	0	/Library/Java/JavaVirtualMachines/openjdk-23.0.1/Contents/Home/bin/java -Xverify:all -cp /var/folders/gm/lzn3ylzx4lz7mx29lftngdz40000gn/T/jarde-raw-receiver-replay-o00qqnr6/original:/var/folders/gm/lzn3ylzx4lz7mx29lftngdz40000gn/T/jarde-raw-receiver-replay-o00qqnr6/original-probe ReceiverProbe TypedReceiver
jdk23/no-debug/TypedReceiver/jarde-TypedReceiver	0	/private/tmp/jarde-generic-calls-candidate-v8-cli class-source --input /Users/lordcasser/workspace/projects/jarde/openspec/evidence/raw-receiver-field-selection-2026-10-09/jdk23/no-debug/input/TypedReceiver.jar --class TypedReceiver --policy plain-jar --release 8 --format text
jdk23/no-debug/TypedReceiver/jarde-TypedReceiver-source-header	0	nonempty self-describing source
jdk23/no-debug/TypedReceiver/jarde-javac	0	/Library/Java/JavaVirtualMachines/openjdk-23.0.1/Contents/Home/bin/javac --release 8 -g:none -classpath /var/folders/gm/lzn3ylzx4lz7mx29lftngdz40000gn/T/jarde-raw-receiver-replay-o00qqnr6/empty-classpath -sourcepath /var/folders/gm/lzn3ylzx4lz7mx29lftngdz40000gn/T/jarde-raw-receiver-replay-o00qqnr6/empty-sourcepath -d /var/folders/gm/lzn3ylzx4lz7mx29lftngdz40000gn/T/jarde-raw-receiver-replay-o00qqnr6/jarde-classes /Users/lordcasser/workspace/projects/jarde/openspec/changes/recover-same-class-generic-call-consumers/results/candidate/gc09-raw-64-candidate-v8/jdk23/no-debug/jarde/TypedReceiver.java /Users/lordcasser/workspace/projects/jarde/openspec/evidence/raw-receiver-field-selection-2026-10-09/source/ReceiverProbe.java
jdk23/no-debug/TypedReceiver/jarde-verify-run	0	/Library/Java/JavaVirtualMachines/openjdk-23.0.1/Contents/Home/bin/java -Xverify:all -cp /var/folders/gm/lzn3ylzx4lz7mx29lftngdz40000gn/T/jarde-raw-receiver-replay-o00qqnr6/jarde-classes ReceiverProbe TypedReceiver
jdk23/no-debug/TypedReceiver/jadx	0	/Users/lordcasser/workspace/testzone/jadx/jadx-cli/build/install/jadx/bin/jadx --no-res --single-class TypedReceiver -d /Users/lordcasser/workspace/projects/jarde/openspec/changes/recover-same-class-generic-call-consumers/results/candidate/gc09-raw-64-candidate-v8/jdk23/no-debug/jadx/TypedReceiver /Users/lordcasser/workspace/projects/jarde/openspec/evidence/raw-receiver-field-selection-2026-10-09/jdk23/no-debug/input/TypedReceiver.jar
jdk23/no-debug/TypedReceiver/jadx-source-header	0	nonempty class source
jdk23/no-debug/TypedReceiver/jadx-javac	0	/Library/Java/JavaVirtualMachines/openjdk-23.0.1/Contents/Home/bin/javac --release 8 -g:none -classpath /var/folders/gm/lzn3ylzx4lz7mx29lftngdz40000gn/T/jarde-raw-receiver-replay-o00qqnr6/empty-classpath -sourcepath /var/folders/gm/lzn3ylzx4lz7mx29lftngdz40000gn/T/jarde-raw-receiver-replay-o00qqnr6/empty-sourcepath -d /var/folders/gm/lzn3ylzx4lz7mx29lftngdz40000gn/T/jarde-raw-receiver-replay-o00qqnr6/jadx-classes /Users/lordcasser/workspace/projects/jarde/openspec/changes/recover-same-class-generic-call-consumers/results/candidate/gc09-raw-64-candidate-v8/jdk23/no-debug/jadx/TypedReceiver/sources/defpackage/TypedReceiver.java /Users/lordcasser/workspace/projects/jarde/openspec/evidence/raw-receiver-field-selection-2026-10-09/source/ReceiverProbe.java
jdk23/no-debug/TypedReceiver/jadx-verify-run	0	/Library/Java/JavaVirtualMachines/openjdk-23.0.1/Contents/Home/bin/java -Xverify:all -cp /var/folders/gm/lzn3ylzx4lz7mx29lftngdz40000gn/T/jarde-raw-receiver-replay-o00qqnr6/jadx-classes ReceiverProbe defpackage.TypedReceiver
jdk23/debug/ThisReceiver/jar-contents	0	/Library/Java/JavaVirtualMachines/openjdk-23.0.1/Contents/Home/bin/jar tf /Users/lordcasser/workspace/projects/jarde/openspec/evidence/raw-receiver-field-selection-2026-10-09/jdk23/debug/input/ThisReceiver.jar
jdk23/debug/ThisReceiver/original-javac	0	/Library/Java/JavaVirtualMachines/openjdk-23.0.1/Contents/Home/bin/javac --release 8 -g -classpath /var/folders/gm/lzn3ylzx4lz7mx29lftngdz40000gn/T/jarde-raw-receiver-replay-ntocylaq/empty-classpath -sourcepath /var/folders/gm/lzn3ylzx4lz7mx29lftngdz40000gn/T/jarde-raw-receiver-replay-ntocylaq/empty-sourcepath -d /var/folders/gm/lzn3ylzx4lz7mx29lftngdz40000gn/T/jarde-raw-receiver-replay-ntocylaq/original /Users/lordcasser/workspace/projects/jarde/openspec/evidence/raw-receiver-field-selection-2026-10-09/source/ThisReceiver.java
jdk23/debug/ThisReceiver/javap	0	/Library/Java/JavaVirtualMachines/openjdk-23.0.1/Contents/Home/bin/javap -p -c -s -v -classpath /Users/lordcasser/workspace/projects/jarde/openspec/evidence/raw-receiver-field-selection-2026-10-09/jdk23/debug/input/ThisReceiver.jar ThisReceiver
jdk23/debug/ThisReceiver/original-probe-javac	0	/Library/Java/JavaVirtualMachines/openjdk-23.0.1/Contents/Home/bin/javac --release 8 -g -classpath /var/folders/gm/lzn3ylzx4lz7mx29lftngdz40000gn/T/jarde-raw-receiver-replay-ntocylaq/empty-classpath -sourcepath /var/folders/gm/lzn3ylzx4lz7mx29lftngdz40000gn/T/jarde-raw-receiver-replay-ntocylaq/empty-sourcepath -d /var/folders/gm/lzn3ylzx4lz7mx29lftngdz40000gn/T/jarde-raw-receiver-replay-ntocylaq/original-probe /Users/lordcasser/workspace/projects/jarde/openspec/evidence/raw-receiver-field-selection-2026-10-09/source/ReceiverProbe.java
jdk23/debug/ThisReceiver/original-run	0	/Library/Java/JavaVirtualMachines/openjdk-23.0.1/Contents/Home/bin/java -Xverify:all -cp /var/folders/gm/lzn3ylzx4lz7mx29lftngdz40000gn/T/jarde-raw-receiver-replay-ntocylaq/original:/var/folders/gm/lzn3ylzx4lz7mx29lftngdz40000gn/T/jarde-raw-receiver-replay-ntocylaq/original-probe ReceiverProbe ThisReceiver
jdk23/debug/ThisReceiver/jarde-ThisReceiver	0	/private/tmp/jarde-generic-calls-candidate-v8-cli class-source --input /Users/lordcasser/workspace/projects/jarde/openspec/evidence/raw-receiver-field-selection-2026-10-09/jdk23/debug/input/ThisReceiver.jar --class ThisReceiver --policy plain-jar --release 8 --format text
jdk23/debug/ThisReceiver/jarde-ThisReceiver-source-header	0	nonempty self-describing source
jdk23/debug/ThisReceiver/jarde-javac	0	/Library/Java/JavaVirtualMachines/openjdk-23.0.1/Contents/Home/bin/javac --release 8 -g -classpath /var/folders/gm/lzn3ylzx4lz7mx29lftngdz40000gn/T/jarde-raw-receiver-replay-ntocylaq/empty-classpath -sourcepath /var/folders/gm/lzn3ylzx4lz7mx29lftngdz40000gn/T/jarde-raw-receiver-replay-ntocylaq/empty-sourcepath -d /var/folders/gm/lzn3ylzx4lz7mx29lftngdz40000gn/T/jarde-raw-receiver-replay-ntocylaq/jarde-classes /Users/lordcasser/workspace/projects/jarde/openspec/changes/recover-same-class-generic-call-consumers/results/candidate/gc09-raw-64-candidate-v8/jdk23/debug/jarde/ThisReceiver.java /Users/lordcasser/workspace/projects/jarde/openspec/evidence/raw-receiver-field-selection-2026-10-09/source/ReceiverProbe.java
jdk23/debug/ThisReceiver/jarde-verify-run	0	/Library/Java/JavaVirtualMachines/openjdk-23.0.1/Contents/Home/bin/java -Xverify:all -cp /var/folders/gm/lzn3ylzx4lz7mx29lftngdz40000gn/T/jarde-raw-receiver-replay-ntocylaq/jarde-classes ReceiverProbe ThisReceiver
jdk23/debug/ThisReceiver/jadx	0	/Users/lordcasser/workspace/testzone/jadx/jadx-cli/build/install/jadx/bin/jadx --no-res --single-class ThisReceiver -d /Users/lordcasser/workspace/projects/jarde/openspec/changes/recover-same-class-generic-call-consumers/results/candidate/gc09-raw-64-candidate-v8/jdk23/debug/jadx/ThisReceiver /Users/lordcasser/workspace/projects/jarde/openspec/evidence/raw-receiver-field-selection-2026-10-09/jdk23/debug/input/ThisReceiver.jar
jdk23/debug/ThisReceiver/jadx-source-header	0	nonempty class source
jdk23/debug/ThisReceiver/jadx-javac	0	/Library/Java/JavaVirtualMachines/openjdk-23.0.1/Contents/Home/bin/javac --release 8 -g -classpath /var/folders/gm/lzn3ylzx4lz7mx29lftngdz40000gn/T/jarde-raw-receiver-replay-ntocylaq/empty-classpath -sourcepath /var/folders/gm/lzn3ylzx4lz7mx29lftngdz40000gn/T/jarde-raw-receiver-replay-ntocylaq/empty-sourcepath -d /var/folders/gm/lzn3ylzx4lz7mx29lftngdz40000gn/T/jarde-raw-receiver-replay-ntocylaq/jadx-classes /Users/lordcasser/workspace/projects/jarde/openspec/changes/recover-same-class-generic-call-consumers/results/candidate/gc09-raw-64-candidate-v8/jdk23/debug/jadx/ThisReceiver/sources/defpackage/ThisReceiver.java /Users/lordcasser/workspace/projects/jarde/openspec/evidence/raw-receiver-field-selection-2026-10-09/source/ReceiverProbe.java
jdk23/debug/ThisReceiver/jadx-verify-run	0	/Library/Java/JavaVirtualMachines/openjdk-23.0.1/Contents/Home/bin/java -Xverify:all -cp /var/folders/gm/lzn3ylzx4lz7mx29lftngdz40000gn/T/jarde-raw-receiver-replay-ntocylaq/jadx-classes ReceiverProbe defpackage.ThisReceiver
jdk23/no-debug/ThisReceiver/jar-contents	0	/Library/Java/JavaVirtualMachines/openjdk-23.0.1/Contents/Home/bin/jar tf /Users/lordcasser/workspace/projects/jarde/openspec/evidence/raw-receiver-field-selection-2026-10-09/jdk23/no-debug/input/ThisReceiver.jar
jdk23/no-debug/ThisReceiver/original-javac	0	/Library/Java/JavaVirtualMachines/openjdk-23.0.1/Contents/Home/bin/javac --release 8 -g:none -classpath /var/folders/gm/lzn3ylzx4lz7mx29lftngdz40000gn/T/jarde-raw-receiver-replay-gcmx2vmz/empty-classpath -sourcepath /var/folders/gm/lzn3ylzx4lz7mx29lftngdz40000gn/T/jarde-raw-receiver-replay-gcmx2vmz/empty-sourcepath -d /var/folders/gm/lzn3ylzx4lz7mx29lftngdz40000gn/T/jarde-raw-receiver-replay-gcmx2vmz/original /Users/lordcasser/workspace/projects/jarde/openspec/evidence/raw-receiver-field-selection-2026-10-09/source/ThisReceiver.java
jdk23/no-debug/ThisReceiver/javap	0	/Library/Java/JavaVirtualMachines/openjdk-23.0.1/Contents/Home/bin/javap -p -c -s -v -classpath /Users/lordcasser/workspace/projects/jarde/openspec/evidence/raw-receiver-field-selection-2026-10-09/jdk23/no-debug/input/ThisReceiver.jar ThisReceiver
jdk23/no-debug/ThisReceiver/original-probe-javac	0	/Library/Java/JavaVirtualMachines/openjdk-23.0.1/Contents/Home/bin/javac --release 8 -g:none -classpath /var/folders/gm/lzn3ylzx4lz7mx29lftngdz40000gn/T/jarde-raw-receiver-replay-gcmx2vmz/empty-classpath -sourcepath /var/folders/gm/lzn3ylzx4lz7mx29lftngdz40000gn/T/jarde-raw-receiver-replay-gcmx2vmz/empty-sourcepath -d /var/folders/gm/lzn3ylzx4lz7mx29lftngdz40000gn/T/jarde-raw-receiver-replay-gcmx2vmz/original-probe /Users/lordcasser/workspace/projects/jarde/openspec/evidence/raw-receiver-field-selection-2026-10-09/source/ReceiverProbe.java
jdk23/no-debug/ThisReceiver/original-run	0	/Library/Java/JavaVirtualMachines/openjdk-23.0.1/Contents/Home/bin/java -Xverify:all -cp /var/folders/gm/lzn3ylzx4lz7mx29lftngdz40000gn/T/jarde-raw-receiver-replay-gcmx2vmz/original:/var/folders/gm/lzn3ylzx4lz7mx29lftngdz40000gn/T/jarde-raw-receiver-replay-gcmx2vmz/original-probe ReceiverProbe ThisReceiver
jdk23/no-debug/ThisReceiver/jarde-ThisReceiver	0	/private/tmp/jarde-generic-calls-candidate-v8-cli class-source --input /Users/lordcasser/workspace/projects/jarde/openspec/evidence/raw-receiver-field-selection-2026-10-09/jdk23/no-debug/input/ThisReceiver.jar --class ThisReceiver --policy plain-jar --release 8 --format text
jdk23/no-debug/ThisReceiver/jarde-ThisReceiver-source-header	0	nonempty self-describing source
jdk23/no-debug/ThisReceiver/jarde-javac	0	/Library/Java/JavaVirtualMachines/openjdk-23.0.1/Contents/Home/bin/javac --release 8 -g:none -classpath /var/folders/gm/lzn3ylzx4lz7mx29lftngdz40000gn/T/jarde-raw-receiver-replay-gcmx2vmz/empty-classpath -sourcepath /var/folders/gm/lzn3ylzx4lz7mx29lftngdz40000gn/T/jarde-raw-receiver-replay-gcmx2vmz/empty-sourcepath -d /var/folders/gm/lzn3ylzx4lz7mx29lftngdz40000gn/T/jarde-raw-receiver-replay-gcmx2vmz/jarde-classes /Users/lordcasser/workspace/projects/jarde/openspec/changes/recover-same-class-generic-call-consumers/results/candidate/gc09-raw-64-candidate-v8/jdk23/no-debug/jarde/ThisReceiver.java /Users/lordcasser/workspace/projects/jarde/openspec/evidence/raw-receiver-field-selection-2026-10-09/source/ReceiverProbe.java
jdk23/no-debug/ThisReceiver/jarde-verify-run	0	/Library/Java/JavaVirtualMachines/openjdk-23.0.1/Contents/Home/bin/java -Xverify:all -cp /var/folders/gm/lzn3ylzx4lz7mx29lftngdz40000gn/T/jarde-raw-receiver-replay-gcmx2vmz/jarde-classes ReceiverProbe ThisReceiver
jdk23/no-debug/ThisReceiver/jadx	0	/Users/lordcasser/workspace/testzone/jadx/jadx-cli/build/install/jadx/bin/jadx --no-res --single-class ThisReceiver -d /Users/lordcasser/workspace/projects/jarde/openspec/changes/recover-same-class-generic-call-consumers/results/candidate/gc09-raw-64-candidate-v8/jdk23/no-debug/jadx/ThisReceiver /Users/lordcasser/workspace/projects/jarde/openspec/evidence/raw-receiver-field-selection-2026-10-09/jdk23/no-debug/input/ThisReceiver.jar
jdk23/no-debug/ThisReceiver/jadx-source-header	0	nonempty class source
jdk23/no-debug/ThisReceiver/jadx-javac	0	/Library/Java/JavaVirtualMachines/openjdk-23.0.1/Contents/Home/bin/javac --release 8 -g:none -classpath /var/folders/gm/lzn3ylzx4lz7mx29lftngdz40000gn/T/jarde-raw-receiver-replay-gcmx2vmz/empty-classpath -sourcepath /var/folders/gm/lzn3ylzx4lz7mx29lftngdz40000gn/T/jarde-raw-receiver-replay-gcmx2vmz/empty-sourcepath -d /var/folders/gm/lzn3ylzx4lz7mx29lftngdz40000gn/T/jarde-raw-receiver-replay-gcmx2vmz/jadx-classes /Users/lordcasser/workspace/projects/jarde/openspec/changes/recover-same-class-generic-call-consumers/results/candidate/gc09-raw-64-candidate-v8/jdk23/no-debug/jadx/ThisReceiver/sources/defpackage/ThisReceiver.java /Users/lordcasser/workspace/projects/jarde/openspec/evidence/raw-receiver-field-selection-2026-10-09/source/ReceiverProbe.java
jdk23/no-debug/ThisReceiver/jadx-verify-run	0	/Library/Java/JavaVirtualMachines/openjdk-23.0.1/Contents/Home/bin/java -Xverify:all -cp /var/folders/gm/lzn3ylzx4lz7mx29lftngdz40000gn/T/jarde-raw-receiver-replay-gcmx2vmz/jadx-classes ReceiverProbe defpackage.ThisReceiver
jdk23/debug/ShadowMethodT/jar-contents	0	/Library/Java/JavaVirtualMachines/openjdk-23.0.1/Contents/Home/bin/jar tf /Users/lordcasser/workspace/projects/jarde/openspec/evidence/raw-receiver-field-selection-2026-10-09/jdk23/debug/input/ShadowMethodT.jar
jdk23/debug/ShadowMethodT/original-javac	0	/Library/Java/JavaVirtualMachines/openjdk-23.0.1/Contents/Home/bin/javac --release 8 -g -classpath /var/folders/gm/lzn3ylzx4lz7mx29lftngdz40000gn/T/jarde-raw-receiver-replay-soo2axzc/empty-classpath -sourcepath /var/folders/gm/lzn3ylzx4lz7mx29lftngdz40000gn/T/jarde-raw-receiver-replay-soo2axzc/empty-sourcepath -d /var/folders/gm/lzn3ylzx4lz7mx29lftngdz40000gn/T/jarde-raw-receiver-replay-soo2axzc/original /Users/lordcasser/workspace/projects/jarde/openspec/evidence/raw-receiver-field-selection-2026-10-09/source/ShadowMethodT.java
jdk23/debug/ShadowMethodT/javap	0	/Library/Java/JavaVirtualMachines/openjdk-23.0.1/Contents/Home/bin/javap -p -c -s -v -classpath /Users/lordcasser/workspace/projects/jarde/openspec/evidence/raw-receiver-field-selection-2026-10-09/jdk23/debug/input/ShadowMethodT.jar ShadowMethodT
jdk23/debug/ShadowMethodT/original-probe-javac	0	/Library/Java/JavaVirtualMachines/openjdk-23.0.1/Contents/Home/bin/javac --release 8 -g -classpath /var/folders/gm/lzn3ylzx4lz7mx29lftngdz40000gn/T/jarde-raw-receiver-replay-soo2axzc/empty-classpath -sourcepath /var/folders/gm/lzn3ylzx4lz7mx29lftngdz40000gn/T/jarde-raw-receiver-replay-soo2axzc/empty-sourcepath -d /var/folders/gm/lzn3ylzx4lz7mx29lftngdz40000gn/T/jarde-raw-receiver-replay-soo2axzc/original-probe /Users/lordcasser/workspace/projects/jarde/openspec/evidence/raw-receiver-field-selection-2026-10-09/source/ReceiverProbe.java
jdk23/debug/ShadowMethodT/original-run	0	/Library/Java/JavaVirtualMachines/openjdk-23.0.1/Contents/Home/bin/java -Xverify:all -cp /var/folders/gm/lzn3ylzx4lz7mx29lftngdz40000gn/T/jarde-raw-receiver-replay-soo2axzc/original:/var/folders/gm/lzn3ylzx4lz7mx29lftngdz40000gn/T/jarde-raw-receiver-replay-soo2axzc/original-probe ReceiverProbe ShadowMethodT
jdk23/debug/ShadowMethodT/jarde-ShadowMethodT	0	/private/tmp/jarde-generic-calls-candidate-v8-cli class-source --input /Users/lordcasser/workspace/projects/jarde/openspec/evidence/raw-receiver-field-selection-2026-10-09/jdk23/debug/input/ShadowMethodT.jar --class ShadowMethodT --policy plain-jar --release 8 --format text
jdk23/debug/ShadowMethodT/jarde-ShadowMethodT-source-header	0	nonempty self-describing source
jdk23/debug/ShadowMethodT/jarde-javac	0	/Library/Java/JavaVirtualMachines/openjdk-23.0.1/Contents/Home/bin/javac --release 8 -g -classpath /var/folders/gm/lzn3ylzx4lz7mx29lftngdz40000gn/T/jarde-raw-receiver-replay-soo2axzc/empty-classpath -sourcepath /var/folders/gm/lzn3ylzx4lz7mx29lftngdz40000gn/T/jarde-raw-receiver-replay-soo2axzc/empty-sourcepath -d /var/folders/gm/lzn3ylzx4lz7mx29lftngdz40000gn/T/jarde-raw-receiver-replay-soo2axzc/jarde-classes /Users/lordcasser/workspace/projects/jarde/openspec/changes/recover-same-class-generic-call-consumers/results/candidate/gc09-raw-64-candidate-v8/jdk23/debug/jarde/ShadowMethodT.java /Users/lordcasser/workspace/projects/jarde/openspec/evidence/raw-receiver-field-selection-2026-10-09/source/ReceiverProbe.java
jdk23/debug/ShadowMethodT/jarde-verify-run	0	/Library/Java/JavaVirtualMachines/openjdk-23.0.1/Contents/Home/bin/java -Xverify:all -cp /var/folders/gm/lzn3ylzx4lz7mx29lftngdz40000gn/T/jarde-raw-receiver-replay-soo2axzc/jarde-classes ReceiverProbe ShadowMethodT
jdk23/debug/ShadowMethodT/jadx	0	/Users/lordcasser/workspace/testzone/jadx/jadx-cli/build/install/jadx/bin/jadx --no-res --single-class ShadowMethodT -d /Users/lordcasser/workspace/projects/jarde/openspec/changes/recover-same-class-generic-call-consumers/results/candidate/gc09-raw-64-candidate-v8/jdk23/debug/jadx/ShadowMethodT /Users/lordcasser/workspace/projects/jarde/openspec/evidence/raw-receiver-field-selection-2026-10-09/jdk23/debug/input/ShadowMethodT.jar
jdk23/debug/ShadowMethodT/jadx-source-header	0	nonempty class source
jdk23/debug/ShadowMethodT/jadx-javac	0	/Library/Java/JavaVirtualMachines/openjdk-23.0.1/Contents/Home/bin/javac --release 8 -g -classpath /var/folders/gm/lzn3ylzx4lz7mx29lftngdz40000gn/T/jarde-raw-receiver-replay-soo2axzc/empty-classpath -sourcepath /var/folders/gm/lzn3ylzx4lz7mx29lftngdz40000gn/T/jarde-raw-receiver-replay-soo2axzc/empty-sourcepath -d /var/folders/gm/lzn3ylzx4lz7mx29lftngdz40000gn/T/jarde-raw-receiver-replay-soo2axzc/jadx-classes /Users/lordcasser/workspace/projects/jarde/openspec/changes/recover-same-class-generic-call-consumers/results/candidate/gc09-raw-64-candidate-v8/jdk23/debug/jadx/ShadowMethodT/sources/defpackage/ShadowMethodT.java /Users/lordcasser/workspace/projects/jarde/openspec/evidence/raw-receiver-field-selection-2026-10-09/source/ReceiverProbe.java
jdk23/debug/ShadowMethodT/jadx-verify-run	0	/Library/Java/JavaVirtualMachines/openjdk-23.0.1/Contents/Home/bin/java -Xverify:all -cp /var/folders/gm/lzn3ylzx4lz7mx29lftngdz40000gn/T/jarde-raw-receiver-replay-soo2axzc/jadx-classes ReceiverProbe defpackage.ShadowMethodT
jdk23/no-debug/ShadowMethodT/jar-contents	0	/Library/Java/JavaVirtualMachines/openjdk-23.0.1/Contents/Home/bin/jar tf /Users/lordcasser/workspace/projects/jarde/openspec/evidence/raw-receiver-field-selection-2026-10-09/jdk23/no-debug/input/ShadowMethodT.jar
jdk23/no-debug/ShadowMethodT/original-javac	0	/Library/Java/JavaVirtualMachines/openjdk-23.0.1/Contents/Home/bin/javac --release 8 -g:none -classpath /var/folders/gm/lzn3ylzx4lz7mx29lftngdz40000gn/T/jarde-raw-receiver-replay-utv_uzgh/empty-classpath -sourcepath /var/folders/gm/lzn3ylzx4lz7mx29lftngdz40000gn/T/jarde-raw-receiver-replay-utv_uzgh/empty-sourcepath -d /var/folders/gm/lzn3ylzx4lz7mx29lftngdz40000gn/T/jarde-raw-receiver-replay-utv_uzgh/original /Users/lordcasser/workspace/projects/jarde/openspec/evidence/raw-receiver-field-selection-2026-10-09/source/ShadowMethodT.java
jdk23/no-debug/ShadowMethodT/javap	0	/Library/Java/JavaVirtualMachines/openjdk-23.0.1/Contents/Home/bin/javap -p -c -s -v -classpath /Users/lordcasser/workspace/projects/jarde/openspec/evidence/raw-receiver-field-selection-2026-10-09/jdk23/no-debug/input/ShadowMethodT.jar ShadowMethodT
jdk23/no-debug/ShadowMethodT/original-probe-javac	0	/Library/Java/JavaVirtualMachines/openjdk-23.0.1/Contents/Home/bin/javac --release 8 -g:none -classpath /var/folders/gm/lzn3ylzx4lz7mx29lftngdz40000gn/T/jarde-raw-receiver-replay-utv_uzgh/empty-classpath -sourcepath /var/folders/gm/lzn3ylzx4lz7mx29lftngdz40000gn/T/jarde-raw-receiver-replay-utv_uzgh/empty-sourcepath -d /var/folders/gm/lzn3ylzx4lz7mx29lftngdz40000gn/T/jarde-raw-receiver-replay-utv_uzgh/original-probe /Users/lordcasser/workspace/projects/jarde/openspec/evidence/raw-receiver-field-selection-2026-10-09/source/ReceiverProbe.java
jdk23/no-debug/ShadowMethodT/original-run	0	/Library/Java/JavaVirtualMachines/openjdk-23.0.1/Contents/Home/bin/java -Xverify:all -cp /var/folders/gm/lzn3ylzx4lz7mx29lftngdz40000gn/T/jarde-raw-receiver-replay-utv_uzgh/original:/var/folders/gm/lzn3ylzx4lz7mx29lftngdz40000gn/T/jarde-raw-receiver-replay-utv_uzgh/original-probe ReceiverProbe ShadowMethodT
jdk23/no-debug/ShadowMethodT/jarde-ShadowMethodT	0	/private/tmp/jarde-generic-calls-candidate-v8-cli class-source --input /Users/lordcasser/workspace/projects/jarde/openspec/evidence/raw-receiver-field-selection-2026-10-09/jdk23/no-debug/input/ShadowMethodT.jar --class ShadowMethodT --policy plain-jar --release 8 --format text
jdk23/no-debug/ShadowMethodT/jarde-ShadowMethodT-source-header	0	nonempty self-describing source
jdk23/no-debug/ShadowMethodT/jarde-javac	0	/Library/Java/JavaVirtualMachines/openjdk-23.0.1/Contents/Home/bin/javac --release 8 -g:none -classpath /var/folders/gm/lzn3ylzx4lz7mx29lftngdz40000gn/T/jarde-raw-receiver-replay-utv_uzgh/empty-classpath -sourcepath /var/folders/gm/lzn3ylzx4lz7mx29lftngdz40000gn/T/jarde-raw-receiver-replay-utv_uzgh/empty-sourcepath -d /var/folders/gm/lzn3ylzx4lz7mx29lftngdz40000gn/T/jarde-raw-receiver-replay-utv_uzgh/jarde-classes /Users/lordcasser/workspace/projects/jarde/openspec/changes/recover-same-class-generic-call-consumers/results/candidate/gc09-raw-64-candidate-v8/jdk23/no-debug/jarde/ShadowMethodT.java /Users/lordcasser/workspace/projects/jarde/openspec/evidence/raw-receiver-field-selection-2026-10-09/source/ReceiverProbe.java
jdk23/no-debug/ShadowMethodT/jarde-verify-run	0	/Library/Java/JavaVirtualMachines/openjdk-23.0.1/Contents/Home/bin/java -Xverify:all -cp /var/folders/gm/lzn3ylzx4lz7mx29lftngdz40000gn/T/jarde-raw-receiver-replay-utv_uzgh/jarde-classes ReceiverProbe ShadowMethodT
jdk23/no-debug/ShadowMethodT/jadx	0	/Users/lordcasser/workspace/testzone/jadx/jadx-cli/build/install/jadx/bin/jadx --no-res --single-class ShadowMethodT -d /Users/lordcasser/workspace/projects/jarde/openspec/changes/recover-same-class-generic-call-consumers/results/candidate/gc09-raw-64-candidate-v8/jdk23/no-debug/jadx/ShadowMethodT /Users/lordcasser/workspace/projects/jarde/openspec/evidence/raw-receiver-field-selection-2026-10-09/jdk23/no-debug/input/ShadowMethodT.jar
jdk23/no-debug/ShadowMethodT/jadx-source-header	0	nonempty class source
jdk23/no-debug/ShadowMethodT/jadx-javac	0	/Library/Java/JavaVirtualMachines/openjdk-23.0.1/Contents/Home/bin/javac --release 8 -g:none -classpath /var/folders/gm/lzn3ylzx4lz7mx29lftngdz40000gn/T/jarde-raw-receiver-replay-utv_uzgh/empty-classpath -sourcepath /var/folders/gm/lzn3ylzx4lz7mx29lftngdz40000gn/T/jarde-raw-receiver-replay-utv_uzgh/empty-sourcepath -d /var/folders/gm/lzn3ylzx4lz7mx29lftngdz40000gn/T/jarde-raw-receiver-replay-utv_uzgh/jadx-classes /Users/lordcasser/workspace/projects/jarde/openspec/changes/recover-same-class-generic-call-consumers/results/candidate/gc09-raw-64-candidate-v8/jdk23/no-debug/jadx/ShadowMethodT/sources/defpackage/ShadowMethodT.java /Users/lordcasser/workspace/projects/jarde/openspec/evidence/raw-receiver-field-selection-2026-10-09/source/ReceiverProbe.java
jdk23/no-debug/ShadowMethodT/jadx-verify-run	0	/Library/Java/JavaVirtualMachines/openjdk-23.0.1/Contents/Home/bin/java -Xverify:all -cp /var/folders/gm/lzn3ylzx4lz7mx29lftngdz40000gn/T/jarde-raw-receiver-replay-utv_uzgh/jadx-classes ReceiverProbe defpackage.ShadowMethodT
jdk23/debug/DirectInstanceRawParam/jar-contents	0	/Library/Java/JavaVirtualMachines/openjdk-23.0.1/Contents/Home/bin/jar tf /Users/lordcasser/workspace/projects/jarde/openspec/evidence/raw-receiver-field-selection-2026-10-09/jdk23/debug/input/DirectInstanceRawParam.jar
jdk23/debug/DirectInstanceRawParam/original-javac	0	/Library/Java/JavaVirtualMachines/openjdk-23.0.1/Contents/Home/bin/javac --release 8 -g -classpath /var/folders/gm/lzn3ylzx4lz7mx29lftngdz40000gn/T/jarde-raw-receiver-replay-utfrbyy6/empty-classpath -sourcepath /var/folders/gm/lzn3ylzx4lz7mx29lftngdz40000gn/T/jarde-raw-receiver-replay-utfrbyy6/empty-sourcepath -d /var/folders/gm/lzn3ylzx4lz7mx29lftngdz40000gn/T/jarde-raw-receiver-replay-utfrbyy6/original /Users/lordcasser/workspace/projects/jarde/openspec/evidence/raw-receiver-field-selection-2026-10-09/source/DirectInstanceRawParam.java
jdk23/debug/DirectInstanceRawParam/javap	0	/Library/Java/JavaVirtualMachines/openjdk-23.0.1/Contents/Home/bin/javap -p -c -s -v -classpath /Users/lordcasser/workspace/projects/jarde/openspec/evidence/raw-receiver-field-selection-2026-10-09/jdk23/debug/input/DirectInstanceRawParam.jar DirectInstanceRawParam
jdk23/debug/DirectInstanceRawParam/original-probe-javac	0	/Library/Java/JavaVirtualMachines/openjdk-23.0.1/Contents/Home/bin/javac --release 8 -g -classpath /var/folders/gm/lzn3ylzx4lz7mx29lftngdz40000gn/T/jarde-raw-receiver-replay-utfrbyy6/empty-classpath -sourcepath /var/folders/gm/lzn3ylzx4lz7mx29lftngdz40000gn/T/jarde-raw-receiver-replay-utfrbyy6/empty-sourcepath -d /var/folders/gm/lzn3ylzx4lz7mx29lftngdz40000gn/T/jarde-raw-receiver-replay-utfrbyy6/original-probe /Users/lordcasser/workspace/projects/jarde/openspec/evidence/raw-receiver-field-selection-2026-10-09/source/ReceiverProbe.java
jdk23/debug/DirectInstanceRawParam/original-run	0	/Library/Java/JavaVirtualMachines/openjdk-23.0.1/Contents/Home/bin/java -Xverify:all -cp /var/folders/gm/lzn3ylzx4lz7mx29lftngdz40000gn/T/jarde-raw-receiver-replay-utfrbyy6/original:/var/folders/gm/lzn3ylzx4lz7mx29lftngdz40000gn/T/jarde-raw-receiver-replay-utfrbyy6/original-probe ReceiverProbe DirectInstanceRawParam
jdk23/debug/DirectInstanceRawParam/jarde-DirectInstanceRawParam	0	/private/tmp/jarde-generic-calls-candidate-v8-cli class-source --input /Users/lordcasser/workspace/projects/jarde/openspec/evidence/raw-receiver-field-selection-2026-10-09/jdk23/debug/input/DirectInstanceRawParam.jar --class DirectInstanceRawParam --policy plain-jar --release 8 --format text
jdk23/debug/DirectInstanceRawParam/jarde-DirectInstanceRawParam-source-header	0	nonempty self-describing source
jdk23/debug/DirectInstanceRawParam/jarde-javac	0	/Library/Java/JavaVirtualMachines/openjdk-23.0.1/Contents/Home/bin/javac --release 8 -g -classpath /var/folders/gm/lzn3ylzx4lz7mx29lftngdz40000gn/T/jarde-raw-receiver-replay-utfrbyy6/empty-classpath -sourcepath /var/folders/gm/lzn3ylzx4lz7mx29lftngdz40000gn/T/jarde-raw-receiver-replay-utfrbyy6/empty-sourcepath -d /var/folders/gm/lzn3ylzx4lz7mx29lftngdz40000gn/T/jarde-raw-receiver-replay-utfrbyy6/jarde-classes /Users/lordcasser/workspace/projects/jarde/openspec/changes/recover-same-class-generic-call-consumers/results/candidate/gc09-raw-64-candidate-v8/jdk23/debug/jarde/DirectInstanceRawParam.java /Users/lordcasser/workspace/projects/jarde/openspec/evidence/raw-receiver-field-selection-2026-10-09/source/ReceiverProbe.java
jdk23/debug/DirectInstanceRawParam/jarde-verify-run	0	/Library/Java/JavaVirtualMachines/openjdk-23.0.1/Contents/Home/bin/java -Xverify:all -cp /var/folders/gm/lzn3ylzx4lz7mx29lftngdz40000gn/T/jarde-raw-receiver-replay-utfrbyy6/jarde-classes ReceiverProbe DirectInstanceRawParam
jdk23/debug/DirectInstanceRawParam/jadx	0	/Users/lordcasser/workspace/testzone/jadx/jadx-cli/build/install/jadx/bin/jadx --no-res --single-class DirectInstanceRawParam -d /Users/lordcasser/workspace/projects/jarde/openspec/changes/recover-same-class-generic-call-consumers/results/candidate/gc09-raw-64-candidate-v8/jdk23/debug/jadx/DirectInstanceRawParam /Users/lordcasser/workspace/projects/jarde/openspec/evidence/raw-receiver-field-selection-2026-10-09/jdk23/debug/input/DirectInstanceRawParam.jar
jdk23/debug/DirectInstanceRawParam/jadx-source-header	0	nonempty class source
jdk23/debug/DirectInstanceRawParam/jadx-javac	0	/Library/Java/JavaVirtualMachines/openjdk-23.0.1/Contents/Home/bin/javac --release 8 -g -classpath /var/folders/gm/lzn3ylzx4lz7mx29lftngdz40000gn/T/jarde-raw-receiver-replay-utfrbyy6/empty-classpath -sourcepath /var/folders/gm/lzn3ylzx4lz7mx29lftngdz40000gn/T/jarde-raw-receiver-replay-utfrbyy6/empty-sourcepath -d /var/folders/gm/lzn3ylzx4lz7mx29lftngdz40000gn/T/jarde-raw-receiver-replay-utfrbyy6/jadx-classes /Users/lordcasser/workspace/projects/jarde/openspec/changes/recover-same-class-generic-call-consumers/results/candidate/gc09-raw-64-candidate-v8/jdk23/debug/jadx/DirectInstanceRawParam/sources/defpackage/DirectInstanceRawParam.java /Users/lordcasser/workspace/projects/jarde/openspec/evidence/raw-receiver-field-selection-2026-10-09/source/ReceiverProbe.java
jdk23/debug/DirectInstanceRawParam/jadx-verify-run	0	/Library/Java/JavaVirtualMachines/openjdk-23.0.1/Contents/Home/bin/java -Xverify:all -cp /var/folders/gm/lzn3ylzx4lz7mx29lftngdz40000gn/T/jarde-raw-receiver-replay-utfrbyy6/jadx-classes ReceiverProbe defpackage.DirectInstanceRawParam
jdk23/no-debug/DirectInstanceRawParam/jar-contents	0	/Library/Java/JavaVirtualMachines/openjdk-23.0.1/Contents/Home/bin/jar tf /Users/lordcasser/workspace/projects/jarde/openspec/evidence/raw-receiver-field-selection-2026-10-09/jdk23/no-debug/input/DirectInstanceRawParam.jar
jdk23/no-debug/DirectInstanceRawParam/original-javac	0	/Library/Java/JavaVirtualMachines/openjdk-23.0.1/Contents/Home/bin/javac --release 8 -g:none -classpath /var/folders/gm/lzn3ylzx4lz7mx29lftngdz40000gn/T/jarde-raw-receiver-replay-4poywh4s/empty-classpath -sourcepath /var/folders/gm/lzn3ylzx4lz7mx29lftngdz40000gn/T/jarde-raw-receiver-replay-4poywh4s/empty-sourcepath -d /var/folders/gm/lzn3ylzx4lz7mx29lftngdz40000gn/T/jarde-raw-receiver-replay-4poywh4s/original /Users/lordcasser/workspace/projects/jarde/openspec/evidence/raw-receiver-field-selection-2026-10-09/source/DirectInstanceRawParam.java
jdk23/no-debug/DirectInstanceRawParam/javap	0	/Library/Java/JavaVirtualMachines/openjdk-23.0.1/Contents/Home/bin/javap -p -c -s -v -classpath /Users/lordcasser/workspace/projects/jarde/openspec/evidence/raw-receiver-field-selection-2026-10-09/jdk23/no-debug/input/DirectInstanceRawParam.jar DirectInstanceRawParam
jdk23/no-debug/DirectInstanceRawParam/original-probe-javac	0	/Library/Java/JavaVirtualMachines/openjdk-23.0.1/Contents/Home/bin/javac --release 8 -g:none -classpath /var/folders/gm/lzn3ylzx4lz7mx29lftngdz40000gn/T/jarde-raw-receiver-replay-4poywh4s/empty-classpath -sourcepath /var/folders/gm/lzn3ylzx4lz7mx29lftngdz40000gn/T/jarde-raw-receiver-replay-4poywh4s/empty-sourcepath -d /var/folders/gm/lzn3ylzx4lz7mx29lftngdz40000gn/T/jarde-raw-receiver-replay-4poywh4s/original-probe /Users/lordcasser/workspace/projects/jarde/openspec/evidence/raw-receiver-field-selection-2026-10-09/source/ReceiverProbe.java
jdk23/no-debug/DirectInstanceRawParam/original-run	0	/Library/Java/JavaVirtualMachines/openjdk-23.0.1/Contents/Home/bin/java -Xverify:all -cp /var/folders/gm/lzn3ylzx4lz7mx29lftngdz40000gn/T/jarde-raw-receiver-replay-4poywh4s/original:/var/folders/gm/lzn3ylzx4lz7mx29lftngdz40000gn/T/jarde-raw-receiver-replay-4poywh4s/original-probe ReceiverProbe DirectInstanceRawParam
jdk23/no-debug/DirectInstanceRawParam/jarde-DirectInstanceRawParam	0	/private/tmp/jarde-generic-calls-candidate-v8-cli class-source --input /Users/lordcasser/workspace/projects/jarde/openspec/evidence/raw-receiver-field-selection-2026-10-09/jdk23/no-debug/input/DirectInstanceRawParam.jar --class DirectInstanceRawParam --policy plain-jar --release 8 --format text
jdk23/no-debug/DirectInstanceRawParam/jarde-DirectInstanceRawParam-source-header	0	nonempty self-describing source
jdk23/no-debug/DirectInstanceRawParam/jarde-javac	0	/Library/Java/JavaVirtualMachines/openjdk-23.0.1/Contents/Home/bin/javac --release 8 -g:none -classpath /var/folders/gm/lzn3ylzx4lz7mx29lftngdz40000gn/T/jarde-raw-receiver-replay-4poywh4s/empty-classpath -sourcepath /var/folders/gm/lzn3ylzx4lz7mx29lftngdz40000gn/T/jarde-raw-receiver-replay-4poywh4s/empty-sourcepath -d /var/folders/gm/lzn3ylzx4lz7mx29lftngdz40000gn/T/jarde-raw-receiver-replay-4poywh4s/jarde-classes /Users/lordcasser/workspace/projects/jarde/openspec/changes/recover-same-class-generic-call-consumers/results/candidate/gc09-raw-64-candidate-v8/jdk23/no-debug/jarde/DirectInstanceRawParam.java /Users/lordcasser/workspace/projects/jarde/openspec/evidence/raw-receiver-field-selection-2026-10-09/source/ReceiverProbe.java
jdk23/no-debug/DirectInstanceRawParam/jarde-verify-run	0	/Library/Java/JavaVirtualMachines/openjdk-23.0.1/Contents/Home/bin/java -Xverify:all -cp /var/folders/gm/lzn3ylzx4lz7mx29lftngdz40000gn/T/jarde-raw-receiver-replay-4poywh4s/jarde-classes ReceiverProbe DirectInstanceRawParam
jdk23/no-debug/DirectInstanceRawParam/jadx	0	/Users/lordcasser/workspace/testzone/jadx/jadx-cli/build/install/jadx/bin/jadx --no-res --single-class DirectInstanceRawParam -d /Users/lordcasser/workspace/projects/jarde/openspec/changes/recover-same-class-generic-call-consumers/results/candidate/gc09-raw-64-candidate-v8/jdk23/no-debug/jadx/DirectInstanceRawParam /Users/lordcasser/workspace/projects/jarde/openspec/evidence/raw-receiver-field-selection-2026-10-09/jdk23/no-debug/input/DirectInstanceRawParam.jar
jdk23/no-debug/DirectInstanceRawParam/jadx-source-header	0	nonempty class source
jdk23/no-debug/DirectInstanceRawParam/jadx-javac	0	/Library/Java/JavaVirtualMachines/openjdk-23.0.1/Contents/Home/bin/javac --release 8 -g:none -classpath /var/folders/gm/lzn3ylzx4lz7mx29lftngdz40000gn/T/jarde-raw-receiver-replay-4poywh4s/empty-classpath -sourcepath /var/folders/gm/lzn3ylzx4lz7mx29lftngdz40000gn/T/jarde-raw-receiver-replay-4poywh4s/empty-sourcepath -d /var/folders/gm/lzn3ylzx4lz7mx29lftngdz40000gn/T/jarde-raw-receiver-replay-4poywh4s/jadx-classes /Users/lordcasser/workspace/projects/jarde/openspec/changes/recover-same-class-generic-call-consumers/results/candidate/gc09-raw-64-candidate-v8/jdk23/no-debug/jadx/DirectInstanceRawParam/sources/defpackage/DirectInstanceRawParam.java /Users/lordcasser/workspace/projects/jarde/openspec/evidence/raw-receiver-field-selection-2026-10-09/source/ReceiverProbe.java
jdk23/no-debug/DirectInstanceRawParam/jadx-verify-run	0	/Library/Java/JavaVirtualMachines/openjdk-23.0.1/Contents/Home/bin/java -Xverify:all -cp /var/folders/gm/lzn3ylzx4lz7mx29lftngdz40000gn/T/jarde-raw-receiver-replay-4poywh4s/jadx-classes ReceiverProbe defpackage.DirectInstanceRawParam
jdk23/debug/WideRawParam/jar-contents	0	/Library/Java/JavaVirtualMachines/openjdk-23.0.1/Contents/Home/bin/jar tf /Users/lordcasser/workspace/projects/jarde/openspec/evidence/raw-receiver-field-selection-2026-10-09/jdk23/debug/input/WideRawParam.jar
jdk23/debug/WideRawParam/original-javac	0	/Library/Java/JavaVirtualMachines/openjdk-23.0.1/Contents/Home/bin/javac --release 8 -g -classpath /var/folders/gm/lzn3ylzx4lz7mx29lftngdz40000gn/T/jarde-raw-receiver-replay-p6qin_wp/empty-classpath -sourcepath /var/folders/gm/lzn3ylzx4lz7mx29lftngdz40000gn/T/jarde-raw-receiver-replay-p6qin_wp/empty-sourcepath -d /var/folders/gm/lzn3ylzx4lz7mx29lftngdz40000gn/T/jarde-raw-receiver-replay-p6qin_wp/original /Users/lordcasser/workspace/projects/jarde/openspec/evidence/raw-receiver-field-selection-2026-10-09/source/WideRawParam.java
jdk23/debug/WideRawParam/javap	0	/Library/Java/JavaVirtualMachines/openjdk-23.0.1/Contents/Home/bin/javap -p -c -s -v -classpath /Users/lordcasser/workspace/projects/jarde/openspec/evidence/raw-receiver-field-selection-2026-10-09/jdk23/debug/input/WideRawParam.jar WideRawParam
jdk23/debug/WideRawParam/original-probe-javac	0	/Library/Java/JavaVirtualMachines/openjdk-23.0.1/Contents/Home/bin/javac --release 8 -g -classpath /var/folders/gm/lzn3ylzx4lz7mx29lftngdz40000gn/T/jarde-raw-receiver-replay-p6qin_wp/empty-classpath -sourcepath /var/folders/gm/lzn3ylzx4lz7mx29lftngdz40000gn/T/jarde-raw-receiver-replay-p6qin_wp/empty-sourcepath -d /var/folders/gm/lzn3ylzx4lz7mx29lftngdz40000gn/T/jarde-raw-receiver-replay-p6qin_wp/original-probe /Users/lordcasser/workspace/projects/jarde/openspec/evidence/raw-receiver-field-selection-2026-10-09/source/ReceiverProbe.java
jdk23/debug/WideRawParam/original-run	0	/Library/Java/JavaVirtualMachines/openjdk-23.0.1/Contents/Home/bin/java -Xverify:all -cp /var/folders/gm/lzn3ylzx4lz7mx29lftngdz40000gn/T/jarde-raw-receiver-replay-p6qin_wp/original:/var/folders/gm/lzn3ylzx4lz7mx29lftngdz40000gn/T/jarde-raw-receiver-replay-p6qin_wp/original-probe ReceiverProbe WideRawParam
jdk23/debug/WideRawParam/jarde-WideRawParam	0	/private/tmp/jarde-generic-calls-candidate-v8-cli class-source --input /Users/lordcasser/workspace/projects/jarde/openspec/evidence/raw-receiver-field-selection-2026-10-09/jdk23/debug/input/WideRawParam.jar --class WideRawParam --policy plain-jar --release 8 --format text
jdk23/debug/WideRawParam/jarde-WideRawParam-source-header	0	nonempty self-describing source
jdk23/debug/WideRawParam/jarde-javac	0	/Library/Java/JavaVirtualMachines/openjdk-23.0.1/Contents/Home/bin/javac --release 8 -g -classpath /var/folders/gm/lzn3ylzx4lz7mx29lftngdz40000gn/T/jarde-raw-receiver-replay-p6qin_wp/empty-classpath -sourcepath /var/folders/gm/lzn3ylzx4lz7mx29lftngdz40000gn/T/jarde-raw-receiver-replay-p6qin_wp/empty-sourcepath -d /var/folders/gm/lzn3ylzx4lz7mx29lftngdz40000gn/T/jarde-raw-receiver-replay-p6qin_wp/jarde-classes /Users/lordcasser/workspace/projects/jarde/openspec/changes/recover-same-class-generic-call-consumers/results/candidate/gc09-raw-64-candidate-v8/jdk23/debug/jarde/WideRawParam.java /Users/lordcasser/workspace/projects/jarde/openspec/evidence/raw-receiver-field-selection-2026-10-09/source/ReceiverProbe.java
jdk23/debug/WideRawParam/jarde-verify-run	0	/Library/Java/JavaVirtualMachines/openjdk-23.0.1/Contents/Home/bin/java -Xverify:all -cp /var/folders/gm/lzn3ylzx4lz7mx29lftngdz40000gn/T/jarde-raw-receiver-replay-p6qin_wp/jarde-classes ReceiverProbe WideRawParam
jdk23/debug/WideRawParam/jadx	0	/Users/lordcasser/workspace/testzone/jadx/jadx-cli/build/install/jadx/bin/jadx --no-res --single-class WideRawParam -d /Users/lordcasser/workspace/projects/jarde/openspec/changes/recover-same-class-generic-call-consumers/results/candidate/gc09-raw-64-candidate-v8/jdk23/debug/jadx/WideRawParam /Users/lordcasser/workspace/projects/jarde/openspec/evidence/raw-receiver-field-selection-2026-10-09/jdk23/debug/input/WideRawParam.jar
jdk23/debug/WideRawParam/jadx-source-header	0	nonempty class source
jdk23/debug/WideRawParam/jadx-javac	0	/Library/Java/JavaVirtualMachines/openjdk-23.0.1/Contents/Home/bin/javac --release 8 -g -classpath /var/folders/gm/lzn3ylzx4lz7mx29lftngdz40000gn/T/jarde-raw-receiver-replay-p6qin_wp/empty-classpath -sourcepath /var/folders/gm/lzn3ylzx4lz7mx29lftngdz40000gn/T/jarde-raw-receiver-replay-p6qin_wp/empty-sourcepath -d /var/folders/gm/lzn3ylzx4lz7mx29lftngdz40000gn/T/jarde-raw-receiver-replay-p6qin_wp/jadx-classes /Users/lordcasser/workspace/projects/jarde/openspec/changes/recover-same-class-generic-call-consumers/results/candidate/gc09-raw-64-candidate-v8/jdk23/debug/jadx/WideRawParam/sources/defpackage/WideRawParam.java /Users/lordcasser/workspace/projects/jarde/openspec/evidence/raw-receiver-field-selection-2026-10-09/source/ReceiverProbe.java
jdk23/debug/WideRawParam/jadx-verify-run	0	/Library/Java/JavaVirtualMachines/openjdk-23.0.1/Contents/Home/bin/java -Xverify:all -cp /var/folders/gm/lzn3ylzx4lz7mx29lftngdz40000gn/T/jarde-raw-receiver-replay-p6qin_wp/jadx-classes ReceiverProbe defpackage.WideRawParam
jdk23/no-debug/WideRawParam/jar-contents	0	/Library/Java/JavaVirtualMachines/openjdk-23.0.1/Contents/Home/bin/jar tf /Users/lordcasser/workspace/projects/jarde/openspec/evidence/raw-receiver-field-selection-2026-10-09/jdk23/no-debug/input/WideRawParam.jar
jdk23/no-debug/WideRawParam/original-javac	0	/Library/Java/JavaVirtualMachines/openjdk-23.0.1/Contents/Home/bin/javac --release 8 -g:none -classpath /var/folders/gm/lzn3ylzx4lz7mx29lftngdz40000gn/T/jarde-raw-receiver-replay-ndxcieco/empty-classpath -sourcepath /var/folders/gm/lzn3ylzx4lz7mx29lftngdz40000gn/T/jarde-raw-receiver-replay-ndxcieco/empty-sourcepath -d /var/folders/gm/lzn3ylzx4lz7mx29lftngdz40000gn/T/jarde-raw-receiver-replay-ndxcieco/original /Users/lordcasser/workspace/projects/jarde/openspec/evidence/raw-receiver-field-selection-2026-10-09/source/WideRawParam.java
jdk23/no-debug/WideRawParam/javap	0	/Library/Java/JavaVirtualMachines/openjdk-23.0.1/Contents/Home/bin/javap -p -c -s -v -classpath /Users/lordcasser/workspace/projects/jarde/openspec/evidence/raw-receiver-field-selection-2026-10-09/jdk23/no-debug/input/WideRawParam.jar WideRawParam
jdk23/no-debug/WideRawParam/original-probe-javac	0	/Library/Java/JavaVirtualMachines/openjdk-23.0.1/Contents/Home/bin/javac --release 8 -g:none -classpath /var/folders/gm/lzn3ylzx4lz7mx29lftngdz40000gn/T/jarde-raw-receiver-replay-ndxcieco/empty-classpath -sourcepath /var/folders/gm/lzn3ylzx4lz7mx29lftngdz40000gn/T/jarde-raw-receiver-replay-ndxcieco/empty-sourcepath -d /var/folders/gm/lzn3ylzx4lz7mx29lftngdz40000gn/T/jarde-raw-receiver-replay-ndxcieco/original-probe /Users/lordcasser/workspace/projects/jarde/openspec/evidence/raw-receiver-field-selection-2026-10-09/source/ReceiverProbe.java
jdk23/no-debug/WideRawParam/original-run	0	/Library/Java/JavaVirtualMachines/openjdk-23.0.1/Contents/Home/bin/java -Xverify:all -cp /var/folders/gm/lzn3ylzx4lz7mx29lftngdz40000gn/T/jarde-raw-receiver-replay-ndxcieco/original:/var/folders/gm/lzn3ylzx4lz7mx29lftngdz40000gn/T/jarde-raw-receiver-replay-ndxcieco/original-probe ReceiverProbe WideRawParam
jdk23/no-debug/WideRawParam/jarde-WideRawParam	0	/private/tmp/jarde-generic-calls-candidate-v8-cli class-source --input /Users/lordcasser/workspace/projects/jarde/openspec/evidence/raw-receiver-field-selection-2026-10-09/jdk23/no-debug/input/WideRawParam.jar --class WideRawParam --policy plain-jar --release 8 --format text
jdk23/no-debug/WideRawParam/jarde-WideRawParam-source-header	0	nonempty self-describing source
jdk23/no-debug/WideRawParam/jarde-javac	0	/Library/Java/JavaVirtualMachines/openjdk-23.0.1/Contents/Home/bin/javac --release 8 -g:none -classpath /var/folders/gm/lzn3ylzx4lz7mx29lftngdz40000gn/T/jarde-raw-receiver-replay-ndxcieco/empty-classpath -sourcepath /var/folders/gm/lzn3ylzx4lz7mx29lftngdz40000gn/T/jarde-raw-receiver-replay-ndxcieco/empty-sourcepath -d /var/folders/gm/lzn3ylzx4lz7mx29lftngdz40000gn/T/jarde-raw-receiver-replay-ndxcieco/jarde-classes /Users/lordcasser/workspace/projects/jarde/openspec/changes/recover-same-class-generic-call-consumers/results/candidate/gc09-raw-64-candidate-v8/jdk23/no-debug/jarde/WideRawParam.java /Users/lordcasser/workspace/projects/jarde/openspec/evidence/raw-receiver-field-selection-2026-10-09/source/ReceiverProbe.java
jdk23/no-debug/WideRawParam/jarde-verify-run	0	/Library/Java/JavaVirtualMachines/openjdk-23.0.1/Contents/Home/bin/java -Xverify:all -cp /var/folders/gm/lzn3ylzx4lz7mx29lftngdz40000gn/T/jarde-raw-receiver-replay-ndxcieco/jarde-classes ReceiverProbe WideRawParam
jdk23/no-debug/WideRawParam/jadx	0	/Users/lordcasser/workspace/testzone/jadx/jadx-cli/build/install/jadx/bin/jadx --no-res --single-class WideRawParam -d /Users/lordcasser/workspace/projects/jarde/openspec/changes/recover-same-class-generic-call-consumers/results/candidate/gc09-raw-64-candidate-v8/jdk23/no-debug/jadx/WideRawParam /Users/lordcasser/workspace/projects/jarde/openspec/evidence/raw-receiver-field-selection-2026-10-09/jdk23/no-debug/input/WideRawParam.jar
jdk23/no-debug/WideRawParam/jadx-source-header	0	nonempty class source
jdk23/no-debug/WideRawParam/jadx-javac	0	/Library/Java/JavaVirtualMachines/openjdk-23.0.1/Contents/Home/bin/javac --release 8 -g:none -classpath /var/folders/gm/lzn3ylzx4lz7mx29lftngdz40000gn/T/jarde-raw-receiver-replay-ndxcieco/empty-classpath -sourcepath /var/folders/gm/lzn3ylzx4lz7mx29lftngdz40000gn/T/jarde-raw-receiver-replay-ndxcieco/empty-sourcepath -d /var/folders/gm/lzn3ylzx4lz7mx29lftngdz40000gn/T/jarde-raw-receiver-replay-ndxcieco/jadx-classes /Users/lordcasser/workspace/projects/jarde/openspec/changes/recover-same-class-generic-call-consumers/results/candidate/gc09-raw-64-candidate-v8/jdk23/no-debug/jadx/WideRawParam/sources/defpackage/WideRawParam.java /Users/lordcasser/workspace/projects/jarde/openspec/evidence/raw-receiver-field-selection-2026-10-09/source/ReceiverProbe.java
jdk23/no-debug/WideRawParam/jadx-verify-run	0	/Library/Java/JavaVirtualMachines/openjdk-23.0.1/Contents/Home/bin/java -Xverify:all -cp /var/folders/gm/lzn3ylzx4lz7mx29lftngdz40000gn/T/jarde-raw-receiver-replay-ndxcieco/jadx-classes ReceiverProbe defpackage.WideRawParam
jdk23/debug/ArrayRawParam/jar-contents	0	/Library/Java/JavaVirtualMachines/openjdk-23.0.1/Contents/Home/bin/jar tf /Users/lordcasser/workspace/projects/jarde/openspec/evidence/raw-receiver-field-selection-2026-10-09/jdk23/debug/input/ArrayRawParam.jar
jdk23/debug/ArrayRawParam/original-javac	0	/Library/Java/JavaVirtualMachines/openjdk-23.0.1/Contents/Home/bin/javac --release 8 -g -classpath /var/folders/gm/lzn3ylzx4lz7mx29lftngdz40000gn/T/jarde-raw-receiver-replay-5c438ghp/empty-classpath -sourcepath /var/folders/gm/lzn3ylzx4lz7mx29lftngdz40000gn/T/jarde-raw-receiver-replay-5c438ghp/empty-sourcepath -d /var/folders/gm/lzn3ylzx4lz7mx29lftngdz40000gn/T/jarde-raw-receiver-replay-5c438ghp/original /Users/lordcasser/workspace/projects/jarde/openspec/evidence/raw-receiver-field-selection-2026-10-09/source/ArrayRawParam.java
jdk23/debug/ArrayRawParam/javap	0	/Library/Java/JavaVirtualMachines/openjdk-23.0.1/Contents/Home/bin/javap -p -c -s -v -classpath /Users/lordcasser/workspace/projects/jarde/openspec/evidence/raw-receiver-field-selection-2026-10-09/jdk23/debug/input/ArrayRawParam.jar ArrayRawParam
jdk23/debug/ArrayRawParam/original-probe-javac	0	/Library/Java/JavaVirtualMachines/openjdk-23.0.1/Contents/Home/bin/javac --release 8 -g -classpath /var/folders/gm/lzn3ylzx4lz7mx29lftngdz40000gn/T/jarde-raw-receiver-replay-5c438ghp/empty-classpath -sourcepath /var/folders/gm/lzn3ylzx4lz7mx29lftngdz40000gn/T/jarde-raw-receiver-replay-5c438ghp/empty-sourcepath -d /var/folders/gm/lzn3ylzx4lz7mx29lftngdz40000gn/T/jarde-raw-receiver-replay-5c438ghp/original-probe /Users/lordcasser/workspace/projects/jarde/openspec/evidence/raw-receiver-field-selection-2026-10-09/source/ReceiverProbe.java
jdk23/debug/ArrayRawParam/original-run	0	/Library/Java/JavaVirtualMachines/openjdk-23.0.1/Contents/Home/bin/java -Xverify:all -cp /var/folders/gm/lzn3ylzx4lz7mx29lftngdz40000gn/T/jarde-raw-receiver-replay-5c438ghp/original:/var/folders/gm/lzn3ylzx4lz7mx29lftngdz40000gn/T/jarde-raw-receiver-replay-5c438ghp/original-probe ReceiverProbe ArrayRawParam
jdk23/debug/ArrayRawParam/jarde-ArrayRawParam	0	/private/tmp/jarde-generic-calls-candidate-v8-cli class-source --input /Users/lordcasser/workspace/projects/jarde/openspec/evidence/raw-receiver-field-selection-2026-10-09/jdk23/debug/input/ArrayRawParam.jar --class ArrayRawParam --policy plain-jar --release 8 --format text
jdk23/debug/ArrayRawParam/jarde-ArrayRawParam-source-header	0	nonempty self-describing source
jdk23/debug/ArrayRawParam/jarde-javac	0	/Library/Java/JavaVirtualMachines/openjdk-23.0.1/Contents/Home/bin/javac --release 8 -g -classpath /var/folders/gm/lzn3ylzx4lz7mx29lftngdz40000gn/T/jarde-raw-receiver-replay-5c438ghp/empty-classpath -sourcepath /var/folders/gm/lzn3ylzx4lz7mx29lftngdz40000gn/T/jarde-raw-receiver-replay-5c438ghp/empty-sourcepath -d /var/folders/gm/lzn3ylzx4lz7mx29lftngdz40000gn/T/jarde-raw-receiver-replay-5c438ghp/jarde-classes /Users/lordcasser/workspace/projects/jarde/openspec/changes/recover-same-class-generic-call-consumers/results/candidate/gc09-raw-64-candidate-v8/jdk23/debug/jarde/ArrayRawParam.java /Users/lordcasser/workspace/projects/jarde/openspec/evidence/raw-receiver-field-selection-2026-10-09/source/ReceiverProbe.java
jdk23/debug/ArrayRawParam/jarde-verify-run	0	/Library/Java/JavaVirtualMachines/openjdk-23.0.1/Contents/Home/bin/java -Xverify:all -cp /var/folders/gm/lzn3ylzx4lz7mx29lftngdz40000gn/T/jarde-raw-receiver-replay-5c438ghp/jarde-classes ReceiverProbe ArrayRawParam
jdk23/debug/ArrayRawParam/jadx	0	/Users/lordcasser/workspace/testzone/jadx/jadx-cli/build/install/jadx/bin/jadx --no-res --single-class ArrayRawParam -d /Users/lordcasser/workspace/projects/jarde/openspec/changes/recover-same-class-generic-call-consumers/results/candidate/gc09-raw-64-candidate-v8/jdk23/debug/jadx/ArrayRawParam /Users/lordcasser/workspace/projects/jarde/openspec/evidence/raw-receiver-field-selection-2026-10-09/jdk23/debug/input/ArrayRawParam.jar
jdk23/debug/ArrayRawParam/jadx-source-header	0	nonempty class source
jdk23/debug/ArrayRawParam/jadx-javac	0	/Library/Java/JavaVirtualMachines/openjdk-23.0.1/Contents/Home/bin/javac --release 8 -g -classpath /var/folders/gm/lzn3ylzx4lz7mx29lftngdz40000gn/T/jarde-raw-receiver-replay-5c438ghp/empty-classpath -sourcepath /var/folders/gm/lzn3ylzx4lz7mx29lftngdz40000gn/T/jarde-raw-receiver-replay-5c438ghp/empty-sourcepath -d /var/folders/gm/lzn3ylzx4lz7mx29lftngdz40000gn/T/jarde-raw-receiver-replay-5c438ghp/jadx-classes /Users/lordcasser/workspace/projects/jarde/openspec/changes/recover-same-class-generic-call-consumers/results/candidate/gc09-raw-64-candidate-v8/jdk23/debug/jadx/ArrayRawParam/sources/defpackage/ArrayRawParam.java /Users/lordcasser/workspace/projects/jarde/openspec/evidence/raw-receiver-field-selection-2026-10-09/source/ReceiverProbe.java
jdk23/debug/ArrayRawParam/jadx-verify-run	0	/Library/Java/JavaVirtualMachines/openjdk-23.0.1/Contents/Home/bin/java -Xverify:all -cp /var/folders/gm/lzn3ylzx4lz7mx29lftngdz40000gn/T/jarde-raw-receiver-replay-5c438ghp/jadx-classes ReceiverProbe defpackage.ArrayRawParam
jdk23/no-debug/ArrayRawParam/jar-contents	0	/Library/Java/JavaVirtualMachines/openjdk-23.0.1/Contents/Home/bin/jar tf /Users/lordcasser/workspace/projects/jarde/openspec/evidence/raw-receiver-field-selection-2026-10-09/jdk23/no-debug/input/ArrayRawParam.jar
jdk23/no-debug/ArrayRawParam/original-javac	0	/Library/Java/JavaVirtualMachines/openjdk-23.0.1/Contents/Home/bin/javac --release 8 -g:none -classpath /var/folders/gm/lzn3ylzx4lz7mx29lftngdz40000gn/T/jarde-raw-receiver-replay-gfo9yh9p/empty-classpath -sourcepath /var/folders/gm/lzn3ylzx4lz7mx29lftngdz40000gn/T/jarde-raw-receiver-replay-gfo9yh9p/empty-sourcepath -d /var/folders/gm/lzn3ylzx4lz7mx29lftngdz40000gn/T/jarde-raw-receiver-replay-gfo9yh9p/original /Users/lordcasser/workspace/projects/jarde/openspec/evidence/raw-receiver-field-selection-2026-10-09/source/ArrayRawParam.java
jdk23/no-debug/ArrayRawParam/javap	0	/Library/Java/JavaVirtualMachines/openjdk-23.0.1/Contents/Home/bin/javap -p -c -s -v -classpath /Users/lordcasser/workspace/projects/jarde/openspec/evidence/raw-receiver-field-selection-2026-10-09/jdk23/no-debug/input/ArrayRawParam.jar ArrayRawParam
jdk23/no-debug/ArrayRawParam/original-probe-javac	0	/Library/Java/JavaVirtualMachines/openjdk-23.0.1/Contents/Home/bin/javac --release 8 -g:none -classpath /var/folders/gm/lzn3ylzx4lz7mx29lftngdz40000gn/T/jarde-raw-receiver-replay-gfo9yh9p/empty-classpath -sourcepath /var/folders/gm/lzn3ylzx4lz7mx29lftngdz40000gn/T/jarde-raw-receiver-replay-gfo9yh9p/empty-sourcepath -d /var/folders/gm/lzn3ylzx4lz7mx29lftngdz40000gn/T/jarde-raw-receiver-replay-gfo9yh9p/original-probe /Users/lordcasser/workspace/projects/jarde/openspec/evidence/raw-receiver-field-selection-2026-10-09/source/ReceiverProbe.java
jdk23/no-debug/ArrayRawParam/original-run	0	/Library/Java/JavaVirtualMachines/openjdk-23.0.1/Contents/Home/bin/java -Xverify:all -cp /var/folders/gm/lzn3ylzx4lz7mx29lftngdz40000gn/T/jarde-raw-receiver-replay-gfo9yh9p/original:/var/folders/gm/lzn3ylzx4lz7mx29lftngdz40000gn/T/jarde-raw-receiver-replay-gfo9yh9p/original-probe ReceiverProbe ArrayRawParam
jdk23/no-debug/ArrayRawParam/jarde-ArrayRawParam	0	/private/tmp/jarde-generic-calls-candidate-v8-cli class-source --input /Users/lordcasser/workspace/projects/jarde/openspec/evidence/raw-receiver-field-selection-2026-10-09/jdk23/no-debug/input/ArrayRawParam.jar --class ArrayRawParam --policy plain-jar --release 8 --format text
jdk23/no-debug/ArrayRawParam/jarde-ArrayRawParam-source-header	0	nonempty self-describing source
jdk23/no-debug/ArrayRawParam/jarde-javac	0	/Library/Java/JavaVirtualMachines/openjdk-23.0.1/Contents/Home/bin/javac --release 8 -g:none -classpath /var/folders/gm/lzn3ylzx4lz7mx29lftngdz40000gn/T/jarde-raw-receiver-replay-gfo9yh9p/empty-classpath -sourcepath /var/folders/gm/lzn3ylzx4lz7mx29lftngdz40000gn/T/jarde-raw-receiver-replay-gfo9yh9p/empty-sourcepath -d /var/folders/gm/lzn3ylzx4lz7mx29lftngdz40000gn/T/jarde-raw-receiver-replay-gfo9yh9p/jarde-classes /Users/lordcasser/workspace/projects/jarde/openspec/changes/recover-same-class-generic-call-consumers/results/candidate/gc09-raw-64-candidate-v8/jdk23/no-debug/jarde/ArrayRawParam.java /Users/lordcasser/workspace/projects/jarde/openspec/evidence/raw-receiver-field-selection-2026-10-09/source/ReceiverProbe.java
jdk23/no-debug/ArrayRawParam/jarde-verify-run	0	/Library/Java/JavaVirtualMachines/openjdk-23.0.1/Contents/Home/bin/java -Xverify:all -cp /var/folders/gm/lzn3ylzx4lz7mx29lftngdz40000gn/T/jarde-raw-receiver-replay-gfo9yh9p/jarde-classes ReceiverProbe ArrayRawParam
jdk23/no-debug/ArrayRawParam/jadx	0	/Users/lordcasser/workspace/testzone/jadx/jadx-cli/build/install/jadx/bin/jadx --no-res --single-class ArrayRawParam -d /Users/lordcasser/workspace/projects/jarde/openspec/changes/recover-same-class-generic-call-consumers/results/candidate/gc09-raw-64-candidate-v8/jdk23/no-debug/jadx/ArrayRawParam /Users/lordcasser/workspace/projects/jarde/openspec/evidence/raw-receiver-field-selection-2026-10-09/jdk23/no-debug/input/ArrayRawParam.jar
jdk23/no-debug/ArrayRawParam/jadx-source-header	0	nonempty class source
jdk23/no-debug/ArrayRawParam/jadx-javac	0	/Library/Java/JavaVirtualMachines/openjdk-23.0.1/Contents/Home/bin/javac --release 8 -g:none -classpath /var/folders/gm/lzn3ylzx4lz7mx29lftngdz40000gn/T/jarde-raw-receiver-replay-gfo9yh9p/empty-classpath -sourcepath /var/folders/gm/lzn3ylzx4lz7mx29lftngdz40000gn/T/jarde-raw-receiver-replay-gfo9yh9p/empty-sourcepath -d /var/folders/gm/lzn3ylzx4lz7mx29lftngdz40000gn/T/jarde-raw-receiver-replay-gfo9yh9p/jadx-classes /Users/lordcasser/workspace/projects/jarde/openspec/changes/recover-same-class-generic-call-consumers/results/candidate/gc09-raw-64-candidate-v8/jdk23/no-debug/jadx/ArrayRawParam/sources/defpackage/ArrayRawParam.java /Users/lordcasser/workspace/projects/jarde/openspec/evidence/raw-receiver-field-selection-2026-10-09/source/ReceiverProbe.java
jdk23/no-debug/ArrayRawParam/jadx-verify-run	0	/Library/Java/JavaVirtualMachines/openjdk-23.0.1/Contents/Home/bin/java -Xverify:all -cp /var/folders/gm/lzn3ylzx4lz7mx29lftngdz40000gn/T/jarde-raw-receiver-replay-gfo9yh9p/jadx-classes ReceiverProbe defpackage.ArrayRawParam
jdk23/debug/Array2DRawParam/jar-contents	0	/Library/Java/JavaVirtualMachines/openjdk-23.0.1/Contents/Home/bin/jar tf /Users/lordcasser/workspace/projects/jarde/openspec/evidence/raw-receiver-field-selection-2026-10-09/jdk23/debug/input/Array2DRawParam.jar
jdk23/debug/Array2DRawParam/original-javac	0	/Library/Java/JavaVirtualMachines/openjdk-23.0.1/Contents/Home/bin/javac --release 8 -g -classpath /var/folders/gm/lzn3ylzx4lz7mx29lftngdz40000gn/T/jarde-raw-receiver-replay-vsrdn25_/empty-classpath -sourcepath /var/folders/gm/lzn3ylzx4lz7mx29lftngdz40000gn/T/jarde-raw-receiver-replay-vsrdn25_/empty-sourcepath -d /var/folders/gm/lzn3ylzx4lz7mx29lftngdz40000gn/T/jarde-raw-receiver-replay-vsrdn25_/original /Users/lordcasser/workspace/projects/jarde/openspec/evidence/raw-receiver-field-selection-2026-10-09/source/Array2DRawParam.java
jdk23/debug/Array2DRawParam/javap	0	/Library/Java/JavaVirtualMachines/openjdk-23.0.1/Contents/Home/bin/javap -p -c -s -v -classpath /Users/lordcasser/workspace/projects/jarde/openspec/evidence/raw-receiver-field-selection-2026-10-09/jdk23/debug/input/Array2DRawParam.jar Array2DRawParam
jdk23/debug/Array2DRawParam/original-probe-javac	0	/Library/Java/JavaVirtualMachines/openjdk-23.0.1/Contents/Home/bin/javac --release 8 -g -classpath /var/folders/gm/lzn3ylzx4lz7mx29lftngdz40000gn/T/jarde-raw-receiver-replay-vsrdn25_/empty-classpath -sourcepath /var/folders/gm/lzn3ylzx4lz7mx29lftngdz40000gn/T/jarde-raw-receiver-replay-vsrdn25_/empty-sourcepath -d /var/folders/gm/lzn3ylzx4lz7mx29lftngdz40000gn/T/jarde-raw-receiver-replay-vsrdn25_/original-probe /Users/lordcasser/workspace/projects/jarde/openspec/evidence/raw-receiver-field-selection-2026-10-09/source/ReceiverProbe.java
jdk23/debug/Array2DRawParam/original-run	0	/Library/Java/JavaVirtualMachines/openjdk-23.0.1/Contents/Home/bin/java -Xverify:all -cp /var/folders/gm/lzn3ylzx4lz7mx29lftngdz40000gn/T/jarde-raw-receiver-replay-vsrdn25_/original:/var/folders/gm/lzn3ylzx4lz7mx29lftngdz40000gn/T/jarde-raw-receiver-replay-vsrdn25_/original-probe ReceiverProbe Array2DRawParam
jdk23/debug/Array2DRawParam/jarde-Array2DRawParam	0	/private/tmp/jarde-generic-calls-candidate-v8-cli class-source --input /Users/lordcasser/workspace/projects/jarde/openspec/evidence/raw-receiver-field-selection-2026-10-09/jdk23/debug/input/Array2DRawParam.jar --class Array2DRawParam --policy plain-jar --release 8 --format text
jdk23/debug/Array2DRawParam/jarde-Array2DRawParam-source-header	0	nonempty self-describing source
jdk23/debug/Array2DRawParam/jarde-javac	0	/Library/Java/JavaVirtualMachines/openjdk-23.0.1/Contents/Home/bin/javac --release 8 -g -classpath /var/folders/gm/lzn3ylzx4lz7mx29lftngdz40000gn/T/jarde-raw-receiver-replay-vsrdn25_/empty-classpath -sourcepath /var/folders/gm/lzn3ylzx4lz7mx29lftngdz40000gn/T/jarde-raw-receiver-replay-vsrdn25_/empty-sourcepath -d /var/folders/gm/lzn3ylzx4lz7mx29lftngdz40000gn/T/jarde-raw-receiver-replay-vsrdn25_/jarde-classes /Users/lordcasser/workspace/projects/jarde/openspec/changes/recover-same-class-generic-call-consumers/results/candidate/gc09-raw-64-candidate-v8/jdk23/debug/jarde/Array2DRawParam.java /Users/lordcasser/workspace/projects/jarde/openspec/evidence/raw-receiver-field-selection-2026-10-09/source/ReceiverProbe.java
jdk23/debug/Array2DRawParam/jarde-verify-run	0	/Library/Java/JavaVirtualMachines/openjdk-23.0.1/Contents/Home/bin/java -Xverify:all -cp /var/folders/gm/lzn3ylzx4lz7mx29lftngdz40000gn/T/jarde-raw-receiver-replay-vsrdn25_/jarde-classes ReceiverProbe Array2DRawParam
jdk23/debug/Array2DRawParam/jadx	0	/Users/lordcasser/workspace/testzone/jadx/jadx-cli/build/install/jadx/bin/jadx --no-res --single-class Array2DRawParam -d /Users/lordcasser/workspace/projects/jarde/openspec/changes/recover-same-class-generic-call-consumers/results/candidate/gc09-raw-64-candidate-v8/jdk23/debug/jadx/Array2DRawParam /Users/lordcasser/workspace/projects/jarde/openspec/evidence/raw-receiver-field-selection-2026-10-09/jdk23/debug/input/Array2DRawParam.jar
jdk23/debug/Array2DRawParam/jadx-source-header	0	nonempty class source
jdk23/debug/Array2DRawParam/jadx-javac	0	/Library/Java/JavaVirtualMachines/openjdk-23.0.1/Contents/Home/bin/javac --release 8 -g -classpath /var/folders/gm/lzn3ylzx4lz7mx29lftngdz40000gn/T/jarde-raw-receiver-replay-vsrdn25_/empty-classpath -sourcepath /var/folders/gm/lzn3ylzx4lz7mx29lftngdz40000gn/T/jarde-raw-receiver-replay-vsrdn25_/empty-sourcepath -d /var/folders/gm/lzn3ylzx4lz7mx29lftngdz40000gn/T/jarde-raw-receiver-replay-vsrdn25_/jadx-classes /Users/lordcasser/workspace/projects/jarde/openspec/changes/recover-same-class-generic-call-consumers/results/candidate/gc09-raw-64-candidate-v8/jdk23/debug/jadx/Array2DRawParam/sources/defpackage/Array2DRawParam.java /Users/lordcasser/workspace/projects/jarde/openspec/evidence/raw-receiver-field-selection-2026-10-09/source/ReceiverProbe.java
jdk23/debug/Array2DRawParam/jadx-verify-run	0	/Library/Java/JavaVirtualMachines/openjdk-23.0.1/Contents/Home/bin/java -Xverify:all -cp /var/folders/gm/lzn3ylzx4lz7mx29lftngdz40000gn/T/jarde-raw-receiver-replay-vsrdn25_/jadx-classes ReceiverProbe defpackage.Array2DRawParam
jdk23/no-debug/Array2DRawParam/jar-contents	0	/Library/Java/JavaVirtualMachines/openjdk-23.0.1/Contents/Home/bin/jar tf /Users/lordcasser/workspace/projects/jarde/openspec/evidence/raw-receiver-field-selection-2026-10-09/jdk23/no-debug/input/Array2DRawParam.jar
jdk23/no-debug/Array2DRawParam/original-javac	0	/Library/Java/JavaVirtualMachines/openjdk-23.0.1/Contents/Home/bin/javac --release 8 -g:none -classpath /var/folders/gm/lzn3ylzx4lz7mx29lftngdz40000gn/T/jarde-raw-receiver-replay-gkbzf3ck/empty-classpath -sourcepath /var/folders/gm/lzn3ylzx4lz7mx29lftngdz40000gn/T/jarde-raw-receiver-replay-gkbzf3ck/empty-sourcepath -d /var/folders/gm/lzn3ylzx4lz7mx29lftngdz40000gn/T/jarde-raw-receiver-replay-gkbzf3ck/original /Users/lordcasser/workspace/projects/jarde/openspec/evidence/raw-receiver-field-selection-2026-10-09/source/Array2DRawParam.java
jdk23/no-debug/Array2DRawParam/javap	0	/Library/Java/JavaVirtualMachines/openjdk-23.0.1/Contents/Home/bin/javap -p -c -s -v -classpath /Users/lordcasser/workspace/projects/jarde/openspec/evidence/raw-receiver-field-selection-2026-10-09/jdk23/no-debug/input/Array2DRawParam.jar Array2DRawParam
jdk23/no-debug/Array2DRawParam/original-probe-javac	0	/Library/Java/JavaVirtualMachines/openjdk-23.0.1/Contents/Home/bin/javac --release 8 -g:none -classpath /var/folders/gm/lzn3ylzx4lz7mx29lftngdz40000gn/T/jarde-raw-receiver-replay-gkbzf3ck/empty-classpath -sourcepath /var/folders/gm/lzn3ylzx4lz7mx29lftngdz40000gn/T/jarde-raw-receiver-replay-gkbzf3ck/empty-sourcepath -d /var/folders/gm/lzn3ylzx4lz7mx29lftngdz40000gn/T/jarde-raw-receiver-replay-gkbzf3ck/original-probe /Users/lordcasser/workspace/projects/jarde/openspec/evidence/raw-receiver-field-selection-2026-10-09/source/ReceiverProbe.java
jdk23/no-debug/Array2DRawParam/original-run	0	/Library/Java/JavaVirtualMachines/openjdk-23.0.1/Contents/Home/bin/java -Xverify:all -cp /var/folders/gm/lzn3ylzx4lz7mx29lftngdz40000gn/T/jarde-raw-receiver-replay-gkbzf3ck/original:/var/folders/gm/lzn3ylzx4lz7mx29lftngdz40000gn/T/jarde-raw-receiver-replay-gkbzf3ck/original-probe ReceiverProbe Array2DRawParam
jdk23/no-debug/Array2DRawParam/jarde-Array2DRawParam	0	/private/tmp/jarde-generic-calls-candidate-v8-cli class-source --input /Users/lordcasser/workspace/projects/jarde/openspec/evidence/raw-receiver-field-selection-2026-10-09/jdk23/no-debug/input/Array2DRawParam.jar --class Array2DRawParam --policy plain-jar --release 8 --format text
jdk23/no-debug/Array2DRawParam/jarde-Array2DRawParam-source-header	0	nonempty self-describing source
jdk23/no-debug/Array2DRawParam/jarde-javac	0	/Library/Java/JavaVirtualMachines/openjdk-23.0.1/Contents/Home/bin/javac --release 8 -g:none -classpath /var/folders/gm/lzn3ylzx4lz7mx29lftngdz40000gn/T/jarde-raw-receiver-replay-gkbzf3ck/empty-classpath -sourcepath /var/folders/gm/lzn3ylzx4lz7mx29lftngdz40000gn/T/jarde-raw-receiver-replay-gkbzf3ck/empty-sourcepath -d /var/folders/gm/lzn3ylzx4lz7mx29lftngdz40000gn/T/jarde-raw-receiver-replay-gkbzf3ck/jarde-classes /Users/lordcasser/workspace/projects/jarde/openspec/changes/recover-same-class-generic-call-consumers/results/candidate/gc09-raw-64-candidate-v8/jdk23/no-debug/jarde/Array2DRawParam.java /Users/lordcasser/workspace/projects/jarde/openspec/evidence/raw-receiver-field-selection-2026-10-09/source/ReceiverProbe.java
jdk23/no-debug/Array2DRawParam/jarde-verify-run	0	/Library/Java/JavaVirtualMachines/openjdk-23.0.1/Contents/Home/bin/java -Xverify:all -cp /var/folders/gm/lzn3ylzx4lz7mx29lftngdz40000gn/T/jarde-raw-receiver-replay-gkbzf3ck/jarde-classes ReceiverProbe Array2DRawParam
jdk23/no-debug/Array2DRawParam/jadx	0	/Users/lordcasser/workspace/testzone/jadx/jadx-cli/build/install/jadx/bin/jadx --no-res --single-class Array2DRawParam -d /Users/lordcasser/workspace/projects/jarde/openspec/changes/recover-same-class-generic-call-consumers/results/candidate/gc09-raw-64-candidate-v8/jdk23/no-debug/jadx/Array2DRawParam /Users/lordcasser/workspace/projects/jarde/openspec/evidence/raw-receiver-field-selection-2026-10-09/jdk23/no-debug/input/Array2DRawParam.jar
jdk23/no-debug/Array2DRawParam/jadx-source-header	0	nonempty class source
jdk23/no-debug/Array2DRawParam/jadx-javac	0	/Library/Java/JavaVirtualMachines/openjdk-23.0.1/Contents/Home/bin/javac --release 8 -g:none -classpath /var/folders/gm/lzn3ylzx4lz7mx29lftngdz40000gn/T/jarde-raw-receiver-replay-gkbzf3ck/empty-classpath -sourcepath /var/folders/gm/lzn3ylzx4lz7mx29lftngdz40000gn/T/jarde-raw-receiver-replay-gkbzf3ck/empty-sourcepath -d /var/folders/gm/lzn3ylzx4lz7mx29lftngdz40000gn/T/jarde-raw-receiver-replay-gkbzf3ck/jadx-classes /Users/lordcasser/workspace/projects/jarde/openspec/changes/recover-same-class-generic-call-consumers/results/candidate/gc09-raw-64-candidate-v8/jdk23/no-debug/jadx/Array2DRawParam/sources/defpackage/Array2DRawParam.java /Users/lordcasser/workspace/projects/jarde/openspec/evidence/raw-receiver-field-selection-2026-10-09/source/ReceiverProbe.java
jdk23/no-debug/Array2DRawParam/jadx-verify-run	0	/Library/Java/JavaVirtualMachines/openjdk-23.0.1/Contents/Home/bin/java -Xverify:all -cp /var/folders/gm/lzn3ylzx4lz7mx29lftngdz40000gn/T/jarde-raw-receiver-replay-gkbzf3ck/jadx-classes ReceiverProbe defpackage.Array2DRawParam
jdk23/debug/PrimitiveArrayRawParam/jar-contents	0	/Library/Java/JavaVirtualMachines/openjdk-23.0.1/Contents/Home/bin/jar tf /Users/lordcasser/workspace/projects/jarde/openspec/evidence/raw-receiver-field-selection-2026-10-09/jdk23/debug/input/PrimitiveArrayRawParam.jar
jdk23/debug/PrimitiveArrayRawParam/original-javac	0	/Library/Java/JavaVirtualMachines/openjdk-23.0.1/Contents/Home/bin/javac --release 8 -g -classpath /var/folders/gm/lzn3ylzx4lz7mx29lftngdz40000gn/T/jarde-raw-receiver-replay-_l8tplc9/empty-classpath -sourcepath /var/folders/gm/lzn3ylzx4lz7mx29lftngdz40000gn/T/jarde-raw-receiver-replay-_l8tplc9/empty-sourcepath -d /var/folders/gm/lzn3ylzx4lz7mx29lftngdz40000gn/T/jarde-raw-receiver-replay-_l8tplc9/original /Users/lordcasser/workspace/projects/jarde/openspec/evidence/raw-receiver-field-selection-2026-10-09/source/PrimitiveArrayRawParam.java
jdk23/debug/PrimitiveArrayRawParam/javap	0	/Library/Java/JavaVirtualMachines/openjdk-23.0.1/Contents/Home/bin/javap -p -c -s -v -classpath /Users/lordcasser/workspace/projects/jarde/openspec/evidence/raw-receiver-field-selection-2026-10-09/jdk23/debug/input/PrimitiveArrayRawParam.jar PrimitiveArrayRawParam
jdk23/debug/PrimitiveArrayRawParam/original-probe-javac	0	/Library/Java/JavaVirtualMachines/openjdk-23.0.1/Contents/Home/bin/javac --release 8 -g -classpath /var/folders/gm/lzn3ylzx4lz7mx29lftngdz40000gn/T/jarde-raw-receiver-replay-_l8tplc9/empty-classpath -sourcepath /var/folders/gm/lzn3ylzx4lz7mx29lftngdz40000gn/T/jarde-raw-receiver-replay-_l8tplc9/empty-sourcepath -d /var/folders/gm/lzn3ylzx4lz7mx29lftngdz40000gn/T/jarde-raw-receiver-replay-_l8tplc9/original-probe /Users/lordcasser/workspace/projects/jarde/openspec/evidence/raw-receiver-field-selection-2026-10-09/source/ReceiverProbe.java
jdk23/debug/PrimitiveArrayRawParam/original-run	0	/Library/Java/JavaVirtualMachines/openjdk-23.0.1/Contents/Home/bin/java -Xverify:all -cp /var/folders/gm/lzn3ylzx4lz7mx29lftngdz40000gn/T/jarde-raw-receiver-replay-_l8tplc9/original:/var/folders/gm/lzn3ylzx4lz7mx29lftngdz40000gn/T/jarde-raw-receiver-replay-_l8tplc9/original-probe ReceiverProbe PrimitiveArrayRawParam
jdk23/debug/PrimitiveArrayRawParam/jarde-PrimitiveArrayRawParam	0	/private/tmp/jarde-generic-calls-candidate-v8-cli class-source --input /Users/lordcasser/workspace/projects/jarde/openspec/evidence/raw-receiver-field-selection-2026-10-09/jdk23/debug/input/PrimitiveArrayRawParam.jar --class PrimitiveArrayRawParam --policy plain-jar --release 8 --format text
jdk23/debug/PrimitiveArrayRawParam/jarde-PrimitiveArrayRawParam-source-header	0	nonempty self-describing source
jdk23/debug/PrimitiveArrayRawParam/jarde-javac	0	/Library/Java/JavaVirtualMachines/openjdk-23.0.1/Contents/Home/bin/javac --release 8 -g -classpath /var/folders/gm/lzn3ylzx4lz7mx29lftngdz40000gn/T/jarde-raw-receiver-replay-_l8tplc9/empty-classpath -sourcepath /var/folders/gm/lzn3ylzx4lz7mx29lftngdz40000gn/T/jarde-raw-receiver-replay-_l8tplc9/empty-sourcepath -d /var/folders/gm/lzn3ylzx4lz7mx29lftngdz40000gn/T/jarde-raw-receiver-replay-_l8tplc9/jarde-classes /Users/lordcasser/workspace/projects/jarde/openspec/changes/recover-same-class-generic-call-consumers/results/candidate/gc09-raw-64-candidate-v8/jdk23/debug/jarde/PrimitiveArrayRawParam.java /Users/lordcasser/workspace/projects/jarde/openspec/evidence/raw-receiver-field-selection-2026-10-09/source/ReceiverProbe.java
jdk23/debug/PrimitiveArrayRawParam/jarde-verify-run	0	/Library/Java/JavaVirtualMachines/openjdk-23.0.1/Contents/Home/bin/java -Xverify:all -cp /var/folders/gm/lzn3ylzx4lz7mx29lftngdz40000gn/T/jarde-raw-receiver-replay-_l8tplc9/jarde-classes ReceiverProbe PrimitiveArrayRawParam
jdk23/debug/PrimitiveArrayRawParam/jadx	0	/Users/lordcasser/workspace/testzone/jadx/jadx-cli/build/install/jadx/bin/jadx --no-res --single-class PrimitiveArrayRawParam -d /Users/lordcasser/workspace/projects/jarde/openspec/changes/recover-same-class-generic-call-consumers/results/candidate/gc09-raw-64-candidate-v8/jdk23/debug/jadx/PrimitiveArrayRawParam /Users/lordcasser/workspace/projects/jarde/openspec/evidence/raw-receiver-field-selection-2026-10-09/jdk23/debug/input/PrimitiveArrayRawParam.jar
jdk23/debug/PrimitiveArrayRawParam/jadx-source-header	0	nonempty class source
jdk23/debug/PrimitiveArrayRawParam/jadx-javac	0	/Library/Java/JavaVirtualMachines/openjdk-23.0.1/Contents/Home/bin/javac --release 8 -g -classpath /var/folders/gm/lzn3ylzx4lz7mx29lftngdz40000gn/T/jarde-raw-receiver-replay-_l8tplc9/empty-classpath -sourcepath /var/folders/gm/lzn3ylzx4lz7mx29lftngdz40000gn/T/jarde-raw-receiver-replay-_l8tplc9/empty-sourcepath -d /var/folders/gm/lzn3ylzx4lz7mx29lftngdz40000gn/T/jarde-raw-receiver-replay-_l8tplc9/jadx-classes /Users/lordcasser/workspace/projects/jarde/openspec/changes/recover-same-class-generic-call-consumers/results/candidate/gc09-raw-64-candidate-v8/jdk23/debug/jadx/PrimitiveArrayRawParam/sources/defpackage/PrimitiveArrayRawParam.java /Users/lordcasser/workspace/projects/jarde/openspec/evidence/raw-receiver-field-selection-2026-10-09/source/ReceiverProbe.java
jdk23/debug/PrimitiveArrayRawParam/jadx-verify-run	0	/Library/Java/JavaVirtualMachines/openjdk-23.0.1/Contents/Home/bin/java -Xverify:all -cp /var/folders/gm/lzn3ylzx4lz7mx29lftngdz40000gn/T/jarde-raw-receiver-replay-_l8tplc9/jadx-classes ReceiverProbe defpackage.PrimitiveArrayRawParam
jdk23/no-debug/PrimitiveArrayRawParam/jar-contents	0	/Library/Java/JavaVirtualMachines/openjdk-23.0.1/Contents/Home/bin/jar tf /Users/lordcasser/workspace/projects/jarde/openspec/evidence/raw-receiver-field-selection-2026-10-09/jdk23/no-debug/input/PrimitiveArrayRawParam.jar
jdk23/no-debug/PrimitiveArrayRawParam/original-javac	0	/Library/Java/JavaVirtualMachines/openjdk-23.0.1/Contents/Home/bin/javac --release 8 -g:none -classpath /var/folders/gm/lzn3ylzx4lz7mx29lftngdz40000gn/T/jarde-raw-receiver-replay-p1v90y4b/empty-classpath -sourcepath /var/folders/gm/lzn3ylzx4lz7mx29lftngdz40000gn/T/jarde-raw-receiver-replay-p1v90y4b/empty-sourcepath -d /var/folders/gm/lzn3ylzx4lz7mx29lftngdz40000gn/T/jarde-raw-receiver-replay-p1v90y4b/original /Users/lordcasser/workspace/projects/jarde/openspec/evidence/raw-receiver-field-selection-2026-10-09/source/PrimitiveArrayRawParam.java
jdk23/no-debug/PrimitiveArrayRawParam/javap	0	/Library/Java/JavaVirtualMachines/openjdk-23.0.1/Contents/Home/bin/javap -p -c -s -v -classpath /Users/lordcasser/workspace/projects/jarde/openspec/evidence/raw-receiver-field-selection-2026-10-09/jdk23/no-debug/input/PrimitiveArrayRawParam.jar PrimitiveArrayRawParam
jdk23/no-debug/PrimitiveArrayRawParam/original-probe-javac	0	/Library/Java/JavaVirtualMachines/openjdk-23.0.1/Contents/Home/bin/javac --release 8 -g:none -classpath /var/folders/gm/lzn3ylzx4lz7mx29lftngdz40000gn/T/jarde-raw-receiver-replay-p1v90y4b/empty-classpath -sourcepath /var/folders/gm/lzn3ylzx4lz7mx29lftngdz40000gn/T/jarde-raw-receiver-replay-p1v90y4b/empty-sourcepath -d /var/folders/gm/lzn3ylzx4lz7mx29lftngdz40000gn/T/jarde-raw-receiver-replay-p1v90y4b/original-probe /Users/lordcasser/workspace/projects/jarde/openspec/evidence/raw-receiver-field-selection-2026-10-09/source/ReceiverProbe.java
jdk23/no-debug/PrimitiveArrayRawParam/original-run	0	/Library/Java/JavaVirtualMachines/openjdk-23.0.1/Contents/Home/bin/java -Xverify:all -cp /var/folders/gm/lzn3ylzx4lz7mx29lftngdz40000gn/T/jarde-raw-receiver-replay-p1v90y4b/original:/var/folders/gm/lzn3ylzx4lz7mx29lftngdz40000gn/T/jarde-raw-receiver-replay-p1v90y4b/original-probe ReceiverProbe PrimitiveArrayRawParam
jdk23/no-debug/PrimitiveArrayRawParam/jarde-PrimitiveArrayRawParam	0	/private/tmp/jarde-generic-calls-candidate-v8-cli class-source --input /Users/lordcasser/workspace/projects/jarde/openspec/evidence/raw-receiver-field-selection-2026-10-09/jdk23/no-debug/input/PrimitiveArrayRawParam.jar --class PrimitiveArrayRawParam --policy plain-jar --release 8 --format text
jdk23/no-debug/PrimitiveArrayRawParam/jarde-PrimitiveArrayRawParam-source-header	0	nonempty self-describing source
jdk23/no-debug/PrimitiveArrayRawParam/jarde-javac	0	/Library/Java/JavaVirtualMachines/openjdk-23.0.1/Contents/Home/bin/javac --release 8 -g:none -classpath /var/folders/gm/lzn3ylzx4lz7mx29lftngdz40000gn/T/jarde-raw-receiver-replay-p1v90y4b/empty-classpath -sourcepath /var/folders/gm/lzn3ylzx4lz7mx29lftngdz40000gn/T/jarde-raw-receiver-replay-p1v90y4b/empty-sourcepath -d /var/folders/gm/lzn3ylzx4lz7mx29lftngdz40000gn/T/jarde-raw-receiver-replay-p1v90y4b/jarde-classes /Users/lordcasser/workspace/projects/jarde/openspec/changes/recover-same-class-generic-call-consumers/results/candidate/gc09-raw-64-candidate-v8/jdk23/no-debug/jarde/PrimitiveArrayRawParam.java /Users/lordcasser/workspace/projects/jarde/openspec/evidence/raw-receiver-field-selection-2026-10-09/source/ReceiverProbe.java
jdk23/no-debug/PrimitiveArrayRawParam/jarde-verify-run	0	/Library/Java/JavaVirtualMachines/openjdk-23.0.1/Contents/Home/bin/java -Xverify:all -cp /var/folders/gm/lzn3ylzx4lz7mx29lftngdz40000gn/T/jarde-raw-receiver-replay-p1v90y4b/jarde-classes ReceiverProbe PrimitiveArrayRawParam
jdk23/no-debug/PrimitiveArrayRawParam/jadx	0	/Users/lordcasser/workspace/testzone/jadx/jadx-cli/build/install/jadx/bin/jadx --no-res --single-class PrimitiveArrayRawParam -d /Users/lordcasser/workspace/projects/jarde/openspec/changes/recover-same-class-generic-call-consumers/results/candidate/gc09-raw-64-candidate-v8/jdk23/no-debug/jadx/PrimitiveArrayRawParam /Users/lordcasser/workspace/projects/jarde/openspec/evidence/raw-receiver-field-selection-2026-10-09/jdk23/no-debug/input/PrimitiveArrayRawParam.jar
jdk23/no-debug/PrimitiveArrayRawParam/jadx-source-header	0	nonempty class source
jdk23/no-debug/PrimitiveArrayRawParam/jadx-javac	0	/Library/Java/JavaVirtualMachines/openjdk-23.0.1/Contents/Home/bin/javac --release 8 -g:none -classpath /var/folders/gm/lzn3ylzx4lz7mx29lftngdz40000gn/T/jarde-raw-receiver-replay-p1v90y4b/empty-classpath -sourcepath /var/folders/gm/lzn3ylzx4lz7mx29lftngdz40000gn/T/jarde-raw-receiver-replay-p1v90y4b/empty-sourcepath -d /var/folders/gm/lzn3ylzx4lz7mx29lftngdz40000gn/T/jarde-raw-receiver-replay-p1v90y4b/jadx-classes /Users/lordcasser/workspace/projects/jarde/openspec/changes/recover-same-class-generic-call-consumers/results/candidate/gc09-raw-64-candidate-v8/jdk23/no-debug/jadx/PrimitiveArrayRawParam/sources/defpackage/PrimitiveArrayRawParam.java /Users/lordcasser/workspace/projects/jarde/openspec/evidence/raw-receiver-field-selection-2026-10-09/source/ReceiverProbe.java
jdk23/no-debug/PrimitiveArrayRawParam/jadx-verify-run	0	/Library/Java/JavaVirtualMachines/openjdk-23.0.1/Contents/Home/bin/java -Xverify:all -cp /var/folders/gm/lzn3ylzx4lz7mx29lftngdz40000gn/T/jarde-raw-receiver-replay-p1v90y4b/jadx-classes ReceiverProbe defpackage.PrimitiveArrayRawParam
jdk23/debug/BoundRawParam/jar-contents	0	/Library/Java/JavaVirtualMachines/openjdk-23.0.1/Contents/Home/bin/jar tf /Users/lordcasser/workspace/projects/jarde/openspec/evidence/raw-receiver-field-selection-2026-10-09/jdk23/debug/input/BoundRawParam.jar
jdk23/debug/BoundRawParam/original-javac	0	/Library/Java/JavaVirtualMachines/openjdk-23.0.1/Contents/Home/bin/javac --release 8 -g -classpath /var/folders/gm/lzn3ylzx4lz7mx29lftngdz40000gn/T/jarde-raw-receiver-replay-q91h7_wu/empty-classpath -sourcepath /var/folders/gm/lzn3ylzx4lz7mx29lftngdz40000gn/T/jarde-raw-receiver-replay-q91h7_wu/empty-sourcepath -d /var/folders/gm/lzn3ylzx4lz7mx29lftngdz40000gn/T/jarde-raw-receiver-replay-q91h7_wu/original /Users/lordcasser/workspace/projects/jarde/openspec/evidence/raw-receiver-field-selection-2026-10-09/source/BoundRawParam.java
jdk23/debug/BoundRawParam/javap	0	/Library/Java/JavaVirtualMachines/openjdk-23.0.1/Contents/Home/bin/javap -p -c -s -v -classpath /Users/lordcasser/workspace/projects/jarde/openspec/evidence/raw-receiver-field-selection-2026-10-09/jdk23/debug/input/BoundRawParam.jar BoundRawParam
jdk23/debug/BoundRawParam/original-probe-javac	0	/Library/Java/JavaVirtualMachines/openjdk-23.0.1/Contents/Home/bin/javac --release 8 -g -classpath /var/folders/gm/lzn3ylzx4lz7mx29lftngdz40000gn/T/jarde-raw-receiver-replay-q91h7_wu/empty-classpath -sourcepath /var/folders/gm/lzn3ylzx4lz7mx29lftngdz40000gn/T/jarde-raw-receiver-replay-q91h7_wu/empty-sourcepath -d /var/folders/gm/lzn3ylzx4lz7mx29lftngdz40000gn/T/jarde-raw-receiver-replay-q91h7_wu/original-probe /Users/lordcasser/workspace/projects/jarde/openspec/evidence/raw-receiver-field-selection-2026-10-09/source/ReceiverProbe.java
jdk23/debug/BoundRawParam/original-run	0	/Library/Java/JavaVirtualMachines/openjdk-23.0.1/Contents/Home/bin/java -Xverify:all -cp /var/folders/gm/lzn3ylzx4lz7mx29lftngdz40000gn/T/jarde-raw-receiver-replay-q91h7_wu/original:/var/folders/gm/lzn3ylzx4lz7mx29lftngdz40000gn/T/jarde-raw-receiver-replay-q91h7_wu/original-probe ReceiverProbe BoundRawParam
jdk23/debug/BoundRawParam/jarde-BoundRawParam	0	/private/tmp/jarde-generic-calls-candidate-v8-cli class-source --input /Users/lordcasser/workspace/projects/jarde/openspec/evidence/raw-receiver-field-selection-2026-10-09/jdk23/debug/input/BoundRawParam.jar --class BoundRawParam --policy plain-jar --release 8 --format text
jdk23/debug/BoundRawParam/jarde-BoundRawParam-source-header	0	nonempty self-describing source
jdk23/debug/BoundRawParam/jarde-javac	0	/Library/Java/JavaVirtualMachines/openjdk-23.0.1/Contents/Home/bin/javac --release 8 -g -classpath /var/folders/gm/lzn3ylzx4lz7mx29lftngdz40000gn/T/jarde-raw-receiver-replay-q91h7_wu/empty-classpath -sourcepath /var/folders/gm/lzn3ylzx4lz7mx29lftngdz40000gn/T/jarde-raw-receiver-replay-q91h7_wu/empty-sourcepath -d /var/folders/gm/lzn3ylzx4lz7mx29lftngdz40000gn/T/jarde-raw-receiver-replay-q91h7_wu/jarde-classes /Users/lordcasser/workspace/projects/jarde/openspec/changes/recover-same-class-generic-call-consumers/results/candidate/gc09-raw-64-candidate-v8/jdk23/debug/jarde/BoundRawParam.java /Users/lordcasser/workspace/projects/jarde/openspec/evidence/raw-receiver-field-selection-2026-10-09/source/ReceiverProbe.java
jdk23/debug/BoundRawParam/jarde-verify-run	0	/Library/Java/JavaVirtualMachines/openjdk-23.0.1/Contents/Home/bin/java -Xverify:all -cp /var/folders/gm/lzn3ylzx4lz7mx29lftngdz40000gn/T/jarde-raw-receiver-replay-q91h7_wu/jarde-classes ReceiverProbe BoundRawParam
jdk23/debug/BoundRawParam/jadx	0	/Users/lordcasser/workspace/testzone/jadx/jadx-cli/build/install/jadx/bin/jadx --no-res --single-class BoundRawParam -d /Users/lordcasser/workspace/projects/jarde/openspec/changes/recover-same-class-generic-call-consumers/results/candidate/gc09-raw-64-candidate-v8/jdk23/debug/jadx/BoundRawParam /Users/lordcasser/workspace/projects/jarde/openspec/evidence/raw-receiver-field-selection-2026-10-09/jdk23/debug/input/BoundRawParam.jar
jdk23/debug/BoundRawParam/jadx-source-header	0	nonempty class source
jdk23/debug/BoundRawParam/jadx-javac	0	/Library/Java/JavaVirtualMachines/openjdk-23.0.1/Contents/Home/bin/javac --release 8 -g -classpath /var/folders/gm/lzn3ylzx4lz7mx29lftngdz40000gn/T/jarde-raw-receiver-replay-q91h7_wu/empty-classpath -sourcepath /var/folders/gm/lzn3ylzx4lz7mx29lftngdz40000gn/T/jarde-raw-receiver-replay-q91h7_wu/empty-sourcepath -d /var/folders/gm/lzn3ylzx4lz7mx29lftngdz40000gn/T/jarde-raw-receiver-replay-q91h7_wu/jadx-classes /Users/lordcasser/workspace/projects/jarde/openspec/changes/recover-same-class-generic-call-consumers/results/candidate/gc09-raw-64-candidate-v8/jdk23/debug/jadx/BoundRawParam/sources/defpackage/BoundRawParam.java /Users/lordcasser/workspace/projects/jarde/openspec/evidence/raw-receiver-field-selection-2026-10-09/source/ReceiverProbe.java
jdk23/debug/BoundRawParam/jadx-verify-run	0	/Library/Java/JavaVirtualMachines/openjdk-23.0.1/Contents/Home/bin/java -Xverify:all -cp /var/folders/gm/lzn3ylzx4lz7mx29lftngdz40000gn/T/jarde-raw-receiver-replay-q91h7_wu/jadx-classes ReceiverProbe defpackage.BoundRawParam
jdk23/no-debug/BoundRawParam/jar-contents	0	/Library/Java/JavaVirtualMachines/openjdk-23.0.1/Contents/Home/bin/jar tf /Users/lordcasser/workspace/projects/jarde/openspec/evidence/raw-receiver-field-selection-2026-10-09/jdk23/no-debug/input/BoundRawParam.jar
jdk23/no-debug/BoundRawParam/original-javac	0	/Library/Java/JavaVirtualMachines/openjdk-23.0.1/Contents/Home/bin/javac --release 8 -g:none -classpath /var/folders/gm/lzn3ylzx4lz7mx29lftngdz40000gn/T/jarde-raw-receiver-replay-zbze2hhm/empty-classpath -sourcepath /var/folders/gm/lzn3ylzx4lz7mx29lftngdz40000gn/T/jarde-raw-receiver-replay-zbze2hhm/empty-sourcepath -d /var/folders/gm/lzn3ylzx4lz7mx29lftngdz40000gn/T/jarde-raw-receiver-replay-zbze2hhm/original /Users/lordcasser/workspace/projects/jarde/openspec/evidence/raw-receiver-field-selection-2026-10-09/source/BoundRawParam.java
jdk23/no-debug/BoundRawParam/javap	0	/Library/Java/JavaVirtualMachines/openjdk-23.0.1/Contents/Home/bin/javap -p -c -s -v -classpath /Users/lordcasser/workspace/projects/jarde/openspec/evidence/raw-receiver-field-selection-2026-10-09/jdk23/no-debug/input/BoundRawParam.jar BoundRawParam
jdk23/no-debug/BoundRawParam/original-probe-javac	0	/Library/Java/JavaVirtualMachines/openjdk-23.0.1/Contents/Home/bin/javac --release 8 -g:none -classpath /var/folders/gm/lzn3ylzx4lz7mx29lftngdz40000gn/T/jarde-raw-receiver-replay-zbze2hhm/empty-classpath -sourcepath /var/folders/gm/lzn3ylzx4lz7mx29lftngdz40000gn/T/jarde-raw-receiver-replay-zbze2hhm/empty-sourcepath -d /var/folders/gm/lzn3ylzx4lz7mx29lftngdz40000gn/T/jarde-raw-receiver-replay-zbze2hhm/original-probe /Users/lordcasser/workspace/projects/jarde/openspec/evidence/raw-receiver-field-selection-2026-10-09/source/ReceiverProbe.java
jdk23/no-debug/BoundRawParam/original-run	0	/Library/Java/JavaVirtualMachines/openjdk-23.0.1/Contents/Home/bin/java -Xverify:all -cp /var/folders/gm/lzn3ylzx4lz7mx29lftngdz40000gn/T/jarde-raw-receiver-replay-zbze2hhm/original:/var/folders/gm/lzn3ylzx4lz7mx29lftngdz40000gn/T/jarde-raw-receiver-replay-zbze2hhm/original-probe ReceiverProbe BoundRawParam
jdk23/no-debug/BoundRawParam/jarde-BoundRawParam	0	/private/tmp/jarde-generic-calls-candidate-v8-cli class-source --input /Users/lordcasser/workspace/projects/jarde/openspec/evidence/raw-receiver-field-selection-2026-10-09/jdk23/no-debug/input/BoundRawParam.jar --class BoundRawParam --policy plain-jar --release 8 --format text
jdk23/no-debug/BoundRawParam/jarde-BoundRawParam-source-header	0	nonempty self-describing source
jdk23/no-debug/BoundRawParam/jarde-javac	0	/Library/Java/JavaVirtualMachines/openjdk-23.0.1/Contents/Home/bin/javac --release 8 -g:none -classpath /var/folders/gm/lzn3ylzx4lz7mx29lftngdz40000gn/T/jarde-raw-receiver-replay-zbze2hhm/empty-classpath -sourcepath /var/folders/gm/lzn3ylzx4lz7mx29lftngdz40000gn/T/jarde-raw-receiver-replay-zbze2hhm/empty-sourcepath -d /var/folders/gm/lzn3ylzx4lz7mx29lftngdz40000gn/T/jarde-raw-receiver-replay-zbze2hhm/jarde-classes /Users/lordcasser/workspace/projects/jarde/openspec/changes/recover-same-class-generic-call-consumers/results/candidate/gc09-raw-64-candidate-v8/jdk23/no-debug/jarde/BoundRawParam.java /Users/lordcasser/workspace/projects/jarde/openspec/evidence/raw-receiver-field-selection-2026-10-09/source/ReceiverProbe.java
jdk23/no-debug/BoundRawParam/jarde-verify-run	0	/Library/Java/JavaVirtualMachines/openjdk-23.0.1/Contents/Home/bin/java -Xverify:all -cp /var/folders/gm/lzn3ylzx4lz7mx29lftngdz40000gn/T/jarde-raw-receiver-replay-zbze2hhm/jarde-classes ReceiverProbe BoundRawParam
jdk23/no-debug/BoundRawParam/jadx	0	/Users/lordcasser/workspace/testzone/jadx/jadx-cli/build/install/jadx/bin/jadx --no-res --single-class BoundRawParam -d /Users/lordcasser/workspace/projects/jarde/openspec/changes/recover-same-class-generic-call-consumers/results/candidate/gc09-raw-64-candidate-v8/jdk23/no-debug/jadx/BoundRawParam /Users/lordcasser/workspace/projects/jarde/openspec/evidence/raw-receiver-field-selection-2026-10-09/jdk23/no-debug/input/BoundRawParam.jar
jdk23/no-debug/BoundRawParam/jadx-source-header	0	nonempty class source
jdk23/no-debug/BoundRawParam/jadx-javac	0	/Library/Java/JavaVirtualMachines/openjdk-23.0.1/Contents/Home/bin/javac --release 8 -g:none -classpath /var/folders/gm/lzn3ylzx4lz7mx29lftngdz40000gn/T/jarde-raw-receiver-replay-zbze2hhm/empty-classpath -sourcepath /var/folders/gm/lzn3ylzx4lz7mx29lftngdz40000gn/T/jarde-raw-receiver-replay-zbze2hhm/empty-sourcepath -d /var/folders/gm/lzn3ylzx4lz7mx29lftngdz40000gn/T/jarde-raw-receiver-replay-zbze2hhm/jadx-classes /Users/lordcasser/workspace/projects/jarde/openspec/changes/recover-same-class-generic-call-consumers/results/candidate/gc09-raw-64-candidate-v8/jdk23/no-debug/jadx/BoundRawParam/sources/defpackage/BoundRawParam.java /Users/lordcasser/workspace/projects/jarde/openspec/evidence/raw-receiver-field-selection-2026-10-09/source/ReceiverProbe.java
jdk23/no-debug/BoundRawParam/jadx-verify-run	0	/Library/Java/JavaVirtualMachines/openjdk-23.0.1/Contents/Home/bin/java -Xverify:all -cp /var/folders/gm/lzn3ylzx4lz7mx29lftngdz40000gn/T/jarde-raw-receiver-replay-zbze2hhm/jadx-classes ReceiverProbe defpackage.BoundRawParam
jdk23/debug/NullRawParam/jar-contents	0	/Library/Java/JavaVirtualMachines/openjdk-23.0.1/Contents/Home/bin/jar tf /Users/lordcasser/workspace/projects/jarde/openspec/evidence/raw-receiver-field-selection-2026-10-09/jdk23/debug/input/NullRawParam.jar
jdk23/debug/NullRawParam/original-javac	0	/Library/Java/JavaVirtualMachines/openjdk-23.0.1/Contents/Home/bin/javac --release 8 -g -classpath /var/folders/gm/lzn3ylzx4lz7mx29lftngdz40000gn/T/jarde-raw-receiver-replay-j3ayhong/empty-classpath -sourcepath /var/folders/gm/lzn3ylzx4lz7mx29lftngdz40000gn/T/jarde-raw-receiver-replay-j3ayhong/empty-sourcepath -d /var/folders/gm/lzn3ylzx4lz7mx29lftngdz40000gn/T/jarde-raw-receiver-replay-j3ayhong/original /Users/lordcasser/workspace/projects/jarde/openspec/evidence/raw-receiver-field-selection-2026-10-09/source/NullRawParam.java
jdk23/debug/NullRawParam/javap	0	/Library/Java/JavaVirtualMachines/openjdk-23.0.1/Contents/Home/bin/javap -p -c -s -v -classpath /Users/lordcasser/workspace/projects/jarde/openspec/evidence/raw-receiver-field-selection-2026-10-09/jdk23/debug/input/NullRawParam.jar NullRawParam
jdk23/debug/NullRawParam/original-probe-javac	0	/Library/Java/JavaVirtualMachines/openjdk-23.0.1/Contents/Home/bin/javac --release 8 -g -classpath /var/folders/gm/lzn3ylzx4lz7mx29lftngdz40000gn/T/jarde-raw-receiver-replay-j3ayhong/empty-classpath -sourcepath /var/folders/gm/lzn3ylzx4lz7mx29lftngdz40000gn/T/jarde-raw-receiver-replay-j3ayhong/empty-sourcepath -d /var/folders/gm/lzn3ylzx4lz7mx29lftngdz40000gn/T/jarde-raw-receiver-replay-j3ayhong/original-probe /Users/lordcasser/workspace/projects/jarde/openspec/evidence/raw-receiver-field-selection-2026-10-09/source/ReceiverProbe.java
jdk23/debug/NullRawParam/original-run	0	/Library/Java/JavaVirtualMachines/openjdk-23.0.1/Contents/Home/bin/java -Xverify:all -cp /var/folders/gm/lzn3ylzx4lz7mx29lftngdz40000gn/T/jarde-raw-receiver-replay-j3ayhong/original:/var/folders/gm/lzn3ylzx4lz7mx29lftngdz40000gn/T/jarde-raw-receiver-replay-j3ayhong/original-probe ReceiverProbe NullRawParam
jdk23/debug/NullRawParam/jarde-NullRawParam	0	/private/tmp/jarde-generic-calls-candidate-v8-cli class-source --input /Users/lordcasser/workspace/projects/jarde/openspec/evidence/raw-receiver-field-selection-2026-10-09/jdk23/debug/input/NullRawParam.jar --class NullRawParam --policy plain-jar --release 8 --format text
jdk23/debug/NullRawParam/jarde-NullRawParam-source-header	0	nonempty self-describing source
jdk23/debug/NullRawParam/jarde-javac	0	/Library/Java/JavaVirtualMachines/openjdk-23.0.1/Contents/Home/bin/javac --release 8 -g -classpath /var/folders/gm/lzn3ylzx4lz7mx29lftngdz40000gn/T/jarde-raw-receiver-replay-j3ayhong/empty-classpath -sourcepath /var/folders/gm/lzn3ylzx4lz7mx29lftngdz40000gn/T/jarde-raw-receiver-replay-j3ayhong/empty-sourcepath -d /var/folders/gm/lzn3ylzx4lz7mx29lftngdz40000gn/T/jarde-raw-receiver-replay-j3ayhong/jarde-classes /Users/lordcasser/workspace/projects/jarde/openspec/changes/recover-same-class-generic-call-consumers/results/candidate/gc09-raw-64-candidate-v8/jdk23/debug/jarde/NullRawParam.java /Users/lordcasser/workspace/projects/jarde/openspec/evidence/raw-receiver-field-selection-2026-10-09/source/ReceiverProbe.java
jdk23/debug/NullRawParam/jarde-verify-run	0	/Library/Java/JavaVirtualMachines/openjdk-23.0.1/Contents/Home/bin/java -Xverify:all -cp /var/folders/gm/lzn3ylzx4lz7mx29lftngdz40000gn/T/jarde-raw-receiver-replay-j3ayhong/jarde-classes ReceiverProbe NullRawParam
jdk23/debug/NullRawParam/jadx	0	/Users/lordcasser/workspace/testzone/jadx/jadx-cli/build/install/jadx/bin/jadx --no-res --single-class NullRawParam -d /Users/lordcasser/workspace/projects/jarde/openspec/changes/recover-same-class-generic-call-consumers/results/candidate/gc09-raw-64-candidate-v8/jdk23/debug/jadx/NullRawParam /Users/lordcasser/workspace/projects/jarde/openspec/evidence/raw-receiver-field-selection-2026-10-09/jdk23/debug/input/NullRawParam.jar
jdk23/debug/NullRawParam/jadx-source-header	0	nonempty class source
jdk23/debug/NullRawParam/jadx-javac	0	/Library/Java/JavaVirtualMachines/openjdk-23.0.1/Contents/Home/bin/javac --release 8 -g -classpath /var/folders/gm/lzn3ylzx4lz7mx29lftngdz40000gn/T/jarde-raw-receiver-replay-j3ayhong/empty-classpath -sourcepath /var/folders/gm/lzn3ylzx4lz7mx29lftngdz40000gn/T/jarde-raw-receiver-replay-j3ayhong/empty-sourcepath -d /var/folders/gm/lzn3ylzx4lz7mx29lftngdz40000gn/T/jarde-raw-receiver-replay-j3ayhong/jadx-classes /Users/lordcasser/workspace/projects/jarde/openspec/changes/recover-same-class-generic-call-consumers/results/candidate/gc09-raw-64-candidate-v8/jdk23/debug/jadx/NullRawParam/sources/defpackage/NullRawParam.java /Users/lordcasser/workspace/projects/jarde/openspec/evidence/raw-receiver-field-selection-2026-10-09/source/ReceiverProbe.java
jdk23/debug/NullRawParam/jadx-verify-run	0	/Library/Java/JavaVirtualMachines/openjdk-23.0.1/Contents/Home/bin/java -Xverify:all -cp /var/folders/gm/lzn3ylzx4lz7mx29lftngdz40000gn/T/jarde-raw-receiver-replay-j3ayhong/jadx-classes ReceiverProbe defpackage.NullRawParam
jdk23/no-debug/NullRawParam/jar-contents	0	/Library/Java/JavaVirtualMachines/openjdk-23.0.1/Contents/Home/bin/jar tf /Users/lordcasser/workspace/projects/jarde/openspec/evidence/raw-receiver-field-selection-2026-10-09/jdk23/no-debug/input/NullRawParam.jar
jdk23/no-debug/NullRawParam/original-javac	0	/Library/Java/JavaVirtualMachines/openjdk-23.0.1/Contents/Home/bin/javac --release 8 -g:none -classpath /var/folders/gm/lzn3ylzx4lz7mx29lftngdz40000gn/T/jarde-raw-receiver-replay-vguwpoxf/empty-classpath -sourcepath /var/folders/gm/lzn3ylzx4lz7mx29lftngdz40000gn/T/jarde-raw-receiver-replay-vguwpoxf/empty-sourcepath -d /var/folders/gm/lzn3ylzx4lz7mx29lftngdz40000gn/T/jarde-raw-receiver-replay-vguwpoxf/original /Users/lordcasser/workspace/projects/jarde/openspec/evidence/raw-receiver-field-selection-2026-10-09/source/NullRawParam.java
jdk23/no-debug/NullRawParam/javap	0	/Library/Java/JavaVirtualMachines/openjdk-23.0.1/Contents/Home/bin/javap -p -c -s -v -classpath /Users/lordcasser/workspace/projects/jarde/openspec/evidence/raw-receiver-field-selection-2026-10-09/jdk23/no-debug/input/NullRawParam.jar NullRawParam
jdk23/no-debug/NullRawParam/original-probe-javac	0	/Library/Java/JavaVirtualMachines/openjdk-23.0.1/Contents/Home/bin/javac --release 8 -g:none -classpath /var/folders/gm/lzn3ylzx4lz7mx29lftngdz40000gn/T/jarde-raw-receiver-replay-vguwpoxf/empty-classpath -sourcepath /var/folders/gm/lzn3ylzx4lz7mx29lftngdz40000gn/T/jarde-raw-receiver-replay-vguwpoxf/empty-sourcepath -d /var/folders/gm/lzn3ylzx4lz7mx29lftngdz40000gn/T/jarde-raw-receiver-replay-vguwpoxf/original-probe /Users/lordcasser/workspace/projects/jarde/openspec/evidence/raw-receiver-field-selection-2026-10-09/source/ReceiverProbe.java
jdk23/no-debug/NullRawParam/original-run	0	/Library/Java/JavaVirtualMachines/openjdk-23.0.1/Contents/Home/bin/java -Xverify:all -cp /var/folders/gm/lzn3ylzx4lz7mx29lftngdz40000gn/T/jarde-raw-receiver-replay-vguwpoxf/original:/var/folders/gm/lzn3ylzx4lz7mx29lftngdz40000gn/T/jarde-raw-receiver-replay-vguwpoxf/original-probe ReceiverProbe NullRawParam
jdk23/no-debug/NullRawParam/jarde-NullRawParam	0	/private/tmp/jarde-generic-calls-candidate-v8-cli class-source --input /Users/lordcasser/workspace/projects/jarde/openspec/evidence/raw-receiver-field-selection-2026-10-09/jdk23/no-debug/input/NullRawParam.jar --class NullRawParam --policy plain-jar --release 8 --format text
jdk23/no-debug/NullRawParam/jarde-NullRawParam-source-header	0	nonempty self-describing source
jdk23/no-debug/NullRawParam/jarde-javac	0	/Library/Java/JavaVirtualMachines/openjdk-23.0.1/Contents/Home/bin/javac --release 8 -g:none -classpath /var/folders/gm/lzn3ylzx4lz7mx29lftngdz40000gn/T/jarde-raw-receiver-replay-vguwpoxf/empty-classpath -sourcepath /var/folders/gm/lzn3ylzx4lz7mx29lftngdz40000gn/T/jarde-raw-receiver-replay-vguwpoxf/empty-sourcepath -d /var/folders/gm/lzn3ylzx4lz7mx29lftngdz40000gn/T/jarde-raw-receiver-replay-vguwpoxf/jarde-classes /Users/lordcasser/workspace/projects/jarde/openspec/changes/recover-same-class-generic-call-consumers/results/candidate/gc09-raw-64-candidate-v8/jdk23/no-debug/jarde/NullRawParam.java /Users/lordcasser/workspace/projects/jarde/openspec/evidence/raw-receiver-field-selection-2026-10-09/source/ReceiverProbe.java
jdk23/no-debug/NullRawParam/jarde-verify-run	0	/Library/Java/JavaVirtualMachines/openjdk-23.0.1/Contents/Home/bin/java -Xverify:all -cp /var/folders/gm/lzn3ylzx4lz7mx29lftngdz40000gn/T/jarde-raw-receiver-replay-vguwpoxf/jarde-classes ReceiverProbe NullRawParam
jdk23/no-debug/NullRawParam/jadx	0	/Users/lordcasser/workspace/testzone/jadx/jadx-cli/build/install/jadx/bin/jadx --no-res --single-class NullRawParam -d /Users/lordcasser/workspace/projects/jarde/openspec/changes/recover-same-class-generic-call-consumers/results/candidate/gc09-raw-64-candidate-v8/jdk23/no-debug/jadx/NullRawParam /Users/lordcasser/workspace/projects/jarde/openspec/evidence/raw-receiver-field-selection-2026-10-09/jdk23/no-debug/input/NullRawParam.jar
jdk23/no-debug/NullRawParam/jadx-source-header	0	nonempty class source
jdk23/no-debug/NullRawParam/jadx-javac	0	/Library/Java/JavaVirtualMachines/openjdk-23.0.1/Contents/Home/bin/javac --release 8 -g:none -classpath /var/folders/gm/lzn3ylzx4lz7mx29lftngdz40000gn/T/jarde-raw-receiver-replay-vguwpoxf/empty-classpath -sourcepath /var/folders/gm/lzn3ylzx4lz7mx29lftngdz40000gn/T/jarde-raw-receiver-replay-vguwpoxf/empty-sourcepath -d /var/folders/gm/lzn3ylzx4lz7mx29lftngdz40000gn/T/jarde-raw-receiver-replay-vguwpoxf/jadx-classes /Users/lordcasser/workspace/projects/jarde/openspec/changes/recover-same-class-generic-call-consumers/results/candidate/gc09-raw-64-candidate-v8/jdk23/no-debug/jadx/NullRawParam/sources/defpackage/NullRawParam.java /Users/lordcasser/workspace/projects/jarde/openspec/evidence/raw-receiver-field-selection-2026-10-09/source/ReceiverProbe.java
jdk23/no-debug/NullRawParam/jadx-verify-run	0	/Library/Java/JavaVirtualMachines/openjdk-23.0.1/Contents/Home/bin/java -Xverify:all -cp /var/folders/gm/lzn3ylzx4lz7mx29lftngdz40000gn/T/jarde-raw-receiver-replay-vguwpoxf/jadx-classes ReceiverProbe defpackage.NullRawParam
jdk23/debug/RetainedAliasRawParam/jar-contents	0	/Library/Java/JavaVirtualMachines/openjdk-23.0.1/Contents/Home/bin/jar tf /Users/lordcasser/workspace/projects/jarde/openspec/evidence/raw-receiver-field-selection-2026-10-09/jdk23/debug/input/RetainedAliasRawParam.jar
jdk23/debug/RetainedAliasRawParam/original-javac	0	/Library/Java/JavaVirtualMachines/openjdk-23.0.1/Contents/Home/bin/javac --release 8 -g -classpath /var/folders/gm/lzn3ylzx4lz7mx29lftngdz40000gn/T/jarde-raw-receiver-replay-q445e3z2/empty-classpath -sourcepath /var/folders/gm/lzn3ylzx4lz7mx29lftngdz40000gn/T/jarde-raw-receiver-replay-q445e3z2/empty-sourcepath -d /var/folders/gm/lzn3ylzx4lz7mx29lftngdz40000gn/T/jarde-raw-receiver-replay-q445e3z2/original /Users/lordcasser/workspace/projects/jarde/openspec/evidence/raw-receiver-field-selection-2026-10-09/source/RetainedAliasRawParam.java
jdk23/debug/RetainedAliasRawParam/javap	0	/Library/Java/JavaVirtualMachines/openjdk-23.0.1/Contents/Home/bin/javap -p -c -s -v -classpath /Users/lordcasser/workspace/projects/jarde/openspec/evidence/raw-receiver-field-selection-2026-10-09/jdk23/debug/input/RetainedAliasRawParam.jar RetainedAliasRawParam
jdk23/debug/RetainedAliasRawParam/original-probe-javac	0	/Library/Java/JavaVirtualMachines/openjdk-23.0.1/Contents/Home/bin/javac --release 8 -g -classpath /var/folders/gm/lzn3ylzx4lz7mx29lftngdz40000gn/T/jarde-raw-receiver-replay-q445e3z2/empty-classpath -sourcepath /var/folders/gm/lzn3ylzx4lz7mx29lftngdz40000gn/T/jarde-raw-receiver-replay-q445e3z2/empty-sourcepath -d /var/folders/gm/lzn3ylzx4lz7mx29lftngdz40000gn/T/jarde-raw-receiver-replay-q445e3z2/original-probe /Users/lordcasser/workspace/projects/jarde/openspec/evidence/raw-receiver-field-selection-2026-10-09/source/ReceiverProbe.java
jdk23/debug/RetainedAliasRawParam/original-run	0	/Library/Java/JavaVirtualMachines/openjdk-23.0.1/Contents/Home/bin/java -Xverify:all -cp /var/folders/gm/lzn3ylzx4lz7mx29lftngdz40000gn/T/jarde-raw-receiver-replay-q445e3z2/original:/var/folders/gm/lzn3ylzx4lz7mx29lftngdz40000gn/T/jarde-raw-receiver-replay-q445e3z2/original-probe ReceiverProbe RetainedAliasRawParam
jdk23/debug/RetainedAliasRawParam/jarde-RetainedAliasRawParam	0	/private/tmp/jarde-generic-calls-candidate-v8-cli class-source --input /Users/lordcasser/workspace/projects/jarde/openspec/evidence/raw-receiver-field-selection-2026-10-09/jdk23/debug/input/RetainedAliasRawParam.jar --class RetainedAliasRawParam --policy plain-jar --release 8 --format text
jdk23/debug/RetainedAliasRawParam/jarde-RetainedAliasRawParam-source-header	0	nonempty self-describing source
jdk23/debug/RetainedAliasRawParam/jarde-javac	0	/Library/Java/JavaVirtualMachines/openjdk-23.0.1/Contents/Home/bin/javac --release 8 -g -classpath /var/folders/gm/lzn3ylzx4lz7mx29lftngdz40000gn/T/jarde-raw-receiver-replay-q445e3z2/empty-classpath -sourcepath /var/folders/gm/lzn3ylzx4lz7mx29lftngdz40000gn/T/jarde-raw-receiver-replay-q445e3z2/empty-sourcepath -d /var/folders/gm/lzn3ylzx4lz7mx29lftngdz40000gn/T/jarde-raw-receiver-replay-q445e3z2/jarde-classes /Users/lordcasser/workspace/projects/jarde/openspec/changes/recover-same-class-generic-call-consumers/results/candidate/gc09-raw-64-candidate-v8/jdk23/debug/jarde/RetainedAliasRawParam.java /Users/lordcasser/workspace/projects/jarde/openspec/evidence/raw-receiver-field-selection-2026-10-09/source/ReceiverProbe.java
jdk23/debug/RetainedAliasRawParam/jarde-verify-run	0	/Library/Java/JavaVirtualMachines/openjdk-23.0.1/Contents/Home/bin/java -Xverify:all -cp /var/folders/gm/lzn3ylzx4lz7mx29lftngdz40000gn/T/jarde-raw-receiver-replay-q445e3z2/jarde-classes ReceiverProbe RetainedAliasRawParam
jdk23/debug/RetainedAliasRawParam/jadx	0	/Users/lordcasser/workspace/testzone/jadx/jadx-cli/build/install/jadx/bin/jadx --no-res --single-class RetainedAliasRawParam -d /Users/lordcasser/workspace/projects/jarde/openspec/changes/recover-same-class-generic-call-consumers/results/candidate/gc09-raw-64-candidate-v8/jdk23/debug/jadx/RetainedAliasRawParam /Users/lordcasser/workspace/projects/jarde/openspec/evidence/raw-receiver-field-selection-2026-10-09/jdk23/debug/input/RetainedAliasRawParam.jar
jdk23/debug/RetainedAliasRawParam/jadx-source-header	0	nonempty class source
jdk23/debug/RetainedAliasRawParam/jadx-javac	0	/Library/Java/JavaVirtualMachines/openjdk-23.0.1/Contents/Home/bin/javac --release 8 -g -classpath /var/folders/gm/lzn3ylzx4lz7mx29lftngdz40000gn/T/jarde-raw-receiver-replay-q445e3z2/empty-classpath -sourcepath /var/folders/gm/lzn3ylzx4lz7mx29lftngdz40000gn/T/jarde-raw-receiver-replay-q445e3z2/empty-sourcepath -d /var/folders/gm/lzn3ylzx4lz7mx29lftngdz40000gn/T/jarde-raw-receiver-replay-q445e3z2/jadx-classes /Users/lordcasser/workspace/projects/jarde/openspec/changes/recover-same-class-generic-call-consumers/results/candidate/gc09-raw-64-candidate-v8/jdk23/debug/jadx/RetainedAliasRawParam/sources/defpackage/RetainedAliasRawParam.java /Users/lordcasser/workspace/projects/jarde/openspec/evidence/raw-receiver-field-selection-2026-10-09/source/ReceiverProbe.java
jdk23/debug/RetainedAliasRawParam/jadx-verify-run	0	/Library/Java/JavaVirtualMachines/openjdk-23.0.1/Contents/Home/bin/java -Xverify:all -cp /var/folders/gm/lzn3ylzx4lz7mx29lftngdz40000gn/T/jarde-raw-receiver-replay-q445e3z2/jadx-classes ReceiverProbe defpackage.RetainedAliasRawParam
jdk23/no-debug/RetainedAliasRawParam/jar-contents	0	/Library/Java/JavaVirtualMachines/openjdk-23.0.1/Contents/Home/bin/jar tf /Users/lordcasser/workspace/projects/jarde/openspec/evidence/raw-receiver-field-selection-2026-10-09/jdk23/no-debug/input/RetainedAliasRawParam.jar
jdk23/no-debug/RetainedAliasRawParam/original-javac	0	/Library/Java/JavaVirtualMachines/openjdk-23.0.1/Contents/Home/bin/javac --release 8 -g:none -classpath /var/folders/gm/lzn3ylzx4lz7mx29lftngdz40000gn/T/jarde-raw-receiver-replay-b93lfsl0/empty-classpath -sourcepath /var/folders/gm/lzn3ylzx4lz7mx29lftngdz40000gn/T/jarde-raw-receiver-replay-b93lfsl0/empty-sourcepath -d /var/folders/gm/lzn3ylzx4lz7mx29lftngdz40000gn/T/jarde-raw-receiver-replay-b93lfsl0/original /Users/lordcasser/workspace/projects/jarde/openspec/evidence/raw-receiver-field-selection-2026-10-09/source/RetainedAliasRawParam.java
jdk23/no-debug/RetainedAliasRawParam/javap	0	/Library/Java/JavaVirtualMachines/openjdk-23.0.1/Contents/Home/bin/javap -p -c -s -v -classpath /Users/lordcasser/workspace/projects/jarde/openspec/evidence/raw-receiver-field-selection-2026-10-09/jdk23/no-debug/input/RetainedAliasRawParam.jar RetainedAliasRawParam
jdk23/no-debug/RetainedAliasRawParam/original-probe-javac	0	/Library/Java/JavaVirtualMachines/openjdk-23.0.1/Contents/Home/bin/javac --release 8 -g:none -classpath /var/folders/gm/lzn3ylzx4lz7mx29lftngdz40000gn/T/jarde-raw-receiver-replay-b93lfsl0/empty-classpath -sourcepath /var/folders/gm/lzn3ylzx4lz7mx29lftngdz40000gn/T/jarde-raw-receiver-replay-b93lfsl0/empty-sourcepath -d /var/folders/gm/lzn3ylzx4lz7mx29lftngdz40000gn/T/jarde-raw-receiver-replay-b93lfsl0/original-probe /Users/lordcasser/workspace/projects/jarde/openspec/evidence/raw-receiver-field-selection-2026-10-09/source/ReceiverProbe.java
jdk23/no-debug/RetainedAliasRawParam/original-run	0	/Library/Java/JavaVirtualMachines/openjdk-23.0.1/Contents/Home/bin/java -Xverify:all -cp /var/folders/gm/lzn3ylzx4lz7mx29lftngdz40000gn/T/jarde-raw-receiver-replay-b93lfsl0/original:/var/folders/gm/lzn3ylzx4lz7mx29lftngdz40000gn/T/jarde-raw-receiver-replay-b93lfsl0/original-probe ReceiverProbe RetainedAliasRawParam
jdk23/no-debug/RetainedAliasRawParam/jarde-RetainedAliasRawParam	0	/private/tmp/jarde-generic-calls-candidate-v8-cli class-source --input /Users/lordcasser/workspace/projects/jarde/openspec/evidence/raw-receiver-field-selection-2026-10-09/jdk23/no-debug/input/RetainedAliasRawParam.jar --class RetainedAliasRawParam --policy plain-jar --release 8 --format text
jdk23/no-debug/RetainedAliasRawParam/jarde-RetainedAliasRawParam-source-header	0	nonempty self-describing source
jdk23/no-debug/RetainedAliasRawParam/jarde-javac	0	/Library/Java/JavaVirtualMachines/openjdk-23.0.1/Contents/Home/bin/javac --release 8 -g:none -classpath /var/folders/gm/lzn3ylzx4lz7mx29lftngdz40000gn/T/jarde-raw-receiver-replay-b93lfsl0/empty-classpath -sourcepath /var/folders/gm/lzn3ylzx4lz7mx29lftngdz40000gn/T/jarde-raw-receiver-replay-b93lfsl0/empty-sourcepath -d /var/folders/gm/lzn3ylzx4lz7mx29lftngdz40000gn/T/jarde-raw-receiver-replay-b93lfsl0/jarde-classes /Users/lordcasser/workspace/projects/jarde/openspec/changes/recover-same-class-generic-call-consumers/results/candidate/gc09-raw-64-candidate-v8/jdk23/no-debug/jarde/RetainedAliasRawParam.java /Users/lordcasser/workspace/projects/jarde/openspec/evidence/raw-receiver-field-selection-2026-10-09/source/ReceiverProbe.java
jdk23/no-debug/RetainedAliasRawParam/jarde-verify-run	0	/Library/Java/JavaVirtualMachines/openjdk-23.0.1/Contents/Home/bin/java -Xverify:all -cp /var/folders/gm/lzn3ylzx4lz7mx29lftngdz40000gn/T/jarde-raw-receiver-replay-b93lfsl0/jarde-classes ReceiverProbe RetainedAliasRawParam
jdk23/no-debug/RetainedAliasRawParam/jadx	0	/Users/lordcasser/workspace/testzone/jadx/jadx-cli/build/install/jadx/bin/jadx --no-res --single-class RetainedAliasRawParam -d /Users/lordcasser/workspace/projects/jarde/openspec/changes/recover-same-class-generic-call-consumers/results/candidate/gc09-raw-64-candidate-v8/jdk23/no-debug/jadx/RetainedAliasRawParam /Users/lordcasser/workspace/projects/jarde/openspec/evidence/raw-receiver-field-selection-2026-10-09/jdk23/no-debug/input/RetainedAliasRawParam.jar
jdk23/no-debug/RetainedAliasRawParam/jadx-source-header	0	nonempty class source
jdk23/no-debug/RetainedAliasRawParam/jadx-javac	0	/Library/Java/JavaVirtualMachines/openjdk-23.0.1/Contents/Home/bin/javac --release 8 -g:none -classpath /var/folders/gm/lzn3ylzx4lz7mx29lftngdz40000gn/T/jarde-raw-receiver-replay-b93lfsl0/empty-classpath -sourcepath /var/folders/gm/lzn3ylzx4lz7mx29lftngdz40000gn/T/jarde-raw-receiver-replay-b93lfsl0/empty-sourcepath -d /var/folders/gm/lzn3ylzx4lz7mx29lftngdz40000gn/T/jarde-raw-receiver-replay-b93lfsl0/jadx-classes /Users/lordcasser/workspace/projects/jarde/openspec/changes/recover-same-class-generic-call-consumers/results/candidate/gc09-raw-64-candidate-v8/jdk23/no-debug/jadx/RetainedAliasRawParam/sources/defpackage/RetainedAliasRawParam.java /Users/lordcasser/workspace/projects/jarde/openspec/evidence/raw-receiver-field-selection-2026-10-09/source/ReceiverProbe.java
jdk23/no-debug/RetainedAliasRawParam/jadx-verify-run	0	/Library/Java/JavaVirtualMachines/openjdk-23.0.1/Contents/Home/bin/java -Xverify:all -cp /var/folders/gm/lzn3ylzx4lz7mx29lftngdz40000gn/T/jarde-raw-receiver-replay-b93lfsl0/jadx-classes ReceiverProbe defpackage.RetainedAliasRawParam
jdk23/debug/MultiFormalRawParam/jar-contents	0	/Library/Java/JavaVirtualMachines/openjdk-23.0.1/Contents/Home/bin/jar tf /Users/lordcasser/workspace/projects/jarde/openspec/evidence/raw-receiver-field-selection-2026-10-09/jdk23/debug/input/MultiFormalRawParam.jar
jdk23/debug/MultiFormalRawParam/original-javac	0	/Library/Java/JavaVirtualMachines/openjdk-23.0.1/Contents/Home/bin/javac --release 8 -g -classpath /var/folders/gm/lzn3ylzx4lz7mx29lftngdz40000gn/T/jarde-raw-receiver-replay-ycxxz45o/empty-classpath -sourcepath /var/folders/gm/lzn3ylzx4lz7mx29lftngdz40000gn/T/jarde-raw-receiver-replay-ycxxz45o/empty-sourcepath -d /var/folders/gm/lzn3ylzx4lz7mx29lftngdz40000gn/T/jarde-raw-receiver-replay-ycxxz45o/original /Users/lordcasser/workspace/projects/jarde/openspec/evidence/raw-receiver-field-selection-2026-10-09/source/MultiFormalRawParam.java
jdk23/debug/MultiFormalRawParam/javap	0	/Library/Java/JavaVirtualMachines/openjdk-23.0.1/Contents/Home/bin/javap -p -c -s -v -classpath /Users/lordcasser/workspace/projects/jarde/openspec/evidence/raw-receiver-field-selection-2026-10-09/jdk23/debug/input/MultiFormalRawParam.jar MultiFormalRawParam
jdk23/debug/MultiFormalRawParam/original-probe-javac	0	/Library/Java/JavaVirtualMachines/openjdk-23.0.1/Contents/Home/bin/javac --release 8 -g -classpath /var/folders/gm/lzn3ylzx4lz7mx29lftngdz40000gn/T/jarde-raw-receiver-replay-ycxxz45o/empty-classpath -sourcepath /var/folders/gm/lzn3ylzx4lz7mx29lftngdz40000gn/T/jarde-raw-receiver-replay-ycxxz45o/empty-sourcepath -d /var/folders/gm/lzn3ylzx4lz7mx29lftngdz40000gn/T/jarde-raw-receiver-replay-ycxxz45o/original-probe /Users/lordcasser/workspace/projects/jarde/openspec/evidence/raw-receiver-field-selection-2026-10-09/source/ReceiverProbe.java
jdk23/debug/MultiFormalRawParam/original-run	0	/Library/Java/JavaVirtualMachines/openjdk-23.0.1/Contents/Home/bin/java -Xverify:all -cp /var/folders/gm/lzn3ylzx4lz7mx29lftngdz40000gn/T/jarde-raw-receiver-replay-ycxxz45o/original:/var/folders/gm/lzn3ylzx4lz7mx29lftngdz40000gn/T/jarde-raw-receiver-replay-ycxxz45o/original-probe ReceiverProbe MultiFormalRawParam
jdk23/debug/MultiFormalRawParam/jarde-MultiFormalRawParam	0	/private/tmp/jarde-generic-calls-candidate-v8-cli class-source --input /Users/lordcasser/workspace/projects/jarde/openspec/evidence/raw-receiver-field-selection-2026-10-09/jdk23/debug/input/MultiFormalRawParam.jar --class MultiFormalRawParam --policy plain-jar --release 8 --format text
jdk23/debug/MultiFormalRawParam/jarde-MultiFormalRawParam-source-header	0	nonempty self-describing source
jdk23/debug/MultiFormalRawParam/jarde-javac	0	/Library/Java/JavaVirtualMachines/openjdk-23.0.1/Contents/Home/bin/javac --release 8 -g -classpath /var/folders/gm/lzn3ylzx4lz7mx29lftngdz40000gn/T/jarde-raw-receiver-replay-ycxxz45o/empty-classpath -sourcepath /var/folders/gm/lzn3ylzx4lz7mx29lftngdz40000gn/T/jarde-raw-receiver-replay-ycxxz45o/empty-sourcepath -d /var/folders/gm/lzn3ylzx4lz7mx29lftngdz40000gn/T/jarde-raw-receiver-replay-ycxxz45o/jarde-classes /Users/lordcasser/workspace/projects/jarde/openspec/changes/recover-same-class-generic-call-consumers/results/candidate/gc09-raw-64-candidate-v8/jdk23/debug/jarde/MultiFormalRawParam.java /Users/lordcasser/workspace/projects/jarde/openspec/evidence/raw-receiver-field-selection-2026-10-09/source/ReceiverProbe.java
jdk23/debug/MultiFormalRawParam/jarde-verify-run	0	/Library/Java/JavaVirtualMachines/openjdk-23.0.1/Contents/Home/bin/java -Xverify:all -cp /var/folders/gm/lzn3ylzx4lz7mx29lftngdz40000gn/T/jarde-raw-receiver-replay-ycxxz45o/jarde-classes ReceiverProbe MultiFormalRawParam
jdk23/debug/MultiFormalRawParam/jadx	0	/Users/lordcasser/workspace/testzone/jadx/jadx-cli/build/install/jadx/bin/jadx --no-res --single-class MultiFormalRawParam -d /Users/lordcasser/workspace/projects/jarde/openspec/changes/recover-same-class-generic-call-consumers/results/candidate/gc09-raw-64-candidate-v8/jdk23/debug/jadx/MultiFormalRawParam /Users/lordcasser/workspace/projects/jarde/openspec/evidence/raw-receiver-field-selection-2026-10-09/jdk23/debug/input/MultiFormalRawParam.jar
jdk23/debug/MultiFormalRawParam/jadx-source-header	0	nonempty class source
jdk23/debug/MultiFormalRawParam/jadx-javac	0	/Library/Java/JavaVirtualMachines/openjdk-23.0.1/Contents/Home/bin/javac --release 8 -g -classpath /var/folders/gm/lzn3ylzx4lz7mx29lftngdz40000gn/T/jarde-raw-receiver-replay-ycxxz45o/empty-classpath -sourcepath /var/folders/gm/lzn3ylzx4lz7mx29lftngdz40000gn/T/jarde-raw-receiver-replay-ycxxz45o/empty-sourcepath -d /var/folders/gm/lzn3ylzx4lz7mx29lftngdz40000gn/T/jarde-raw-receiver-replay-ycxxz45o/jadx-classes /Users/lordcasser/workspace/projects/jarde/openspec/changes/recover-same-class-generic-call-consumers/results/candidate/gc09-raw-64-candidate-v8/jdk23/debug/jadx/MultiFormalRawParam/sources/defpackage/MultiFormalRawParam.java /Users/lordcasser/workspace/projects/jarde/openspec/evidence/raw-receiver-field-selection-2026-10-09/source/ReceiverProbe.java
jdk23/debug/MultiFormalRawParam/jadx-verify-run	0	/Library/Java/JavaVirtualMachines/openjdk-23.0.1/Contents/Home/bin/java -Xverify:all -cp /var/folders/gm/lzn3ylzx4lz7mx29lftngdz40000gn/T/jarde-raw-receiver-replay-ycxxz45o/jadx-classes ReceiverProbe defpackage.MultiFormalRawParam
jdk23/no-debug/MultiFormalRawParam/jar-contents	0	/Library/Java/JavaVirtualMachines/openjdk-23.0.1/Contents/Home/bin/jar tf /Users/lordcasser/workspace/projects/jarde/openspec/evidence/raw-receiver-field-selection-2026-10-09/jdk23/no-debug/input/MultiFormalRawParam.jar
jdk23/no-debug/MultiFormalRawParam/original-javac	0	/Library/Java/JavaVirtualMachines/openjdk-23.0.1/Contents/Home/bin/javac --release 8 -g:none -classpath /var/folders/gm/lzn3ylzx4lz7mx29lftngdz40000gn/T/jarde-raw-receiver-replay-gt0x1wtz/empty-classpath -sourcepath /var/folders/gm/lzn3ylzx4lz7mx29lftngdz40000gn/T/jarde-raw-receiver-replay-gt0x1wtz/empty-sourcepath -d /var/folders/gm/lzn3ylzx4lz7mx29lftngdz40000gn/T/jarde-raw-receiver-replay-gt0x1wtz/original /Users/lordcasser/workspace/projects/jarde/openspec/evidence/raw-receiver-field-selection-2026-10-09/source/MultiFormalRawParam.java
jdk23/no-debug/MultiFormalRawParam/javap	0	/Library/Java/JavaVirtualMachines/openjdk-23.0.1/Contents/Home/bin/javap -p -c -s -v -classpath /Users/lordcasser/workspace/projects/jarde/openspec/evidence/raw-receiver-field-selection-2026-10-09/jdk23/no-debug/input/MultiFormalRawParam.jar MultiFormalRawParam
jdk23/no-debug/MultiFormalRawParam/original-probe-javac	0	/Library/Java/JavaVirtualMachines/openjdk-23.0.1/Contents/Home/bin/javac --release 8 -g:none -classpath /var/folders/gm/lzn3ylzx4lz7mx29lftngdz40000gn/T/jarde-raw-receiver-replay-gt0x1wtz/empty-classpath -sourcepath /var/folders/gm/lzn3ylzx4lz7mx29lftngdz40000gn/T/jarde-raw-receiver-replay-gt0x1wtz/empty-sourcepath -d /var/folders/gm/lzn3ylzx4lz7mx29lftngdz40000gn/T/jarde-raw-receiver-replay-gt0x1wtz/original-probe /Users/lordcasser/workspace/projects/jarde/openspec/evidence/raw-receiver-field-selection-2026-10-09/source/ReceiverProbe.java
jdk23/no-debug/MultiFormalRawParam/original-run	0	/Library/Java/JavaVirtualMachines/openjdk-23.0.1/Contents/Home/bin/java -Xverify:all -cp /var/folders/gm/lzn3ylzx4lz7mx29lftngdz40000gn/T/jarde-raw-receiver-replay-gt0x1wtz/original:/var/folders/gm/lzn3ylzx4lz7mx29lftngdz40000gn/T/jarde-raw-receiver-replay-gt0x1wtz/original-probe ReceiverProbe MultiFormalRawParam
jdk23/no-debug/MultiFormalRawParam/jarde-MultiFormalRawParam	0	/private/tmp/jarde-generic-calls-candidate-v8-cli class-source --input /Users/lordcasser/workspace/projects/jarde/openspec/evidence/raw-receiver-field-selection-2026-10-09/jdk23/no-debug/input/MultiFormalRawParam.jar --class MultiFormalRawParam --policy plain-jar --release 8 --format text
jdk23/no-debug/MultiFormalRawParam/jarde-MultiFormalRawParam-source-header	0	nonempty self-describing source
jdk23/no-debug/MultiFormalRawParam/jarde-javac	0	/Library/Java/JavaVirtualMachines/openjdk-23.0.1/Contents/Home/bin/javac --release 8 -g:none -classpath /var/folders/gm/lzn3ylzx4lz7mx29lftngdz40000gn/T/jarde-raw-receiver-replay-gt0x1wtz/empty-classpath -sourcepath /var/folders/gm/lzn3ylzx4lz7mx29lftngdz40000gn/T/jarde-raw-receiver-replay-gt0x1wtz/empty-sourcepath -d /var/folders/gm/lzn3ylzx4lz7mx29lftngdz40000gn/T/jarde-raw-receiver-replay-gt0x1wtz/jarde-classes /Users/lordcasser/workspace/projects/jarde/openspec/changes/recover-same-class-generic-call-consumers/results/candidate/gc09-raw-64-candidate-v8/jdk23/no-debug/jarde/MultiFormalRawParam.java /Users/lordcasser/workspace/projects/jarde/openspec/evidence/raw-receiver-field-selection-2026-10-09/source/ReceiverProbe.java
jdk23/no-debug/MultiFormalRawParam/jarde-verify-run	0	/Library/Java/JavaVirtualMachines/openjdk-23.0.1/Contents/Home/bin/java -Xverify:all -cp /var/folders/gm/lzn3ylzx4lz7mx29lftngdz40000gn/T/jarde-raw-receiver-replay-gt0x1wtz/jarde-classes ReceiverProbe MultiFormalRawParam
jdk23/no-debug/MultiFormalRawParam/jadx	0	/Users/lordcasser/workspace/testzone/jadx/jadx-cli/build/install/jadx/bin/jadx --no-res --single-class MultiFormalRawParam -d /Users/lordcasser/workspace/projects/jarde/openspec/changes/recover-same-class-generic-call-consumers/results/candidate/gc09-raw-64-candidate-v8/jdk23/no-debug/jadx/MultiFormalRawParam /Users/lordcasser/workspace/projects/jarde/openspec/evidence/raw-receiver-field-selection-2026-10-09/jdk23/no-debug/input/MultiFormalRawParam.jar
jdk23/no-debug/MultiFormalRawParam/jadx-source-header	0	nonempty class source
jdk23/no-debug/MultiFormalRawParam/jadx-javac	0	/Library/Java/JavaVirtualMachines/openjdk-23.0.1/Contents/Home/bin/javac --release 8 -g:none -classpath /var/folders/gm/lzn3ylzx4lz7mx29lftngdz40000gn/T/jarde-raw-receiver-replay-gt0x1wtz/empty-classpath -sourcepath /var/folders/gm/lzn3ylzx4lz7mx29lftngdz40000gn/T/jarde-raw-receiver-replay-gt0x1wtz/empty-sourcepath -d /var/folders/gm/lzn3ylzx4lz7mx29lftngdz40000gn/T/jarde-raw-receiver-replay-gt0x1wtz/jadx-classes /Users/lordcasser/workspace/projects/jarde/openspec/changes/recover-same-class-generic-call-consumers/results/candidate/gc09-raw-64-candidate-v8/jdk23/no-debug/jadx/MultiFormalRawParam/sources/defpackage/MultiFormalRawParam.java /Users/lordcasser/workspace/projects/jarde/openspec/evidence/raw-receiver-field-selection-2026-10-09/source/ReceiverProbe.java
jdk23/no-debug/MultiFormalRawParam/jadx-verify-run	0	/Library/Java/JavaVirtualMachines/openjdk-23.0.1/Contents/Home/bin/java -Xverify:all -cp /var/folders/gm/lzn3ylzx4lz7mx29lftngdz40000gn/T/jarde-raw-receiver-replay-gt0x1wtz/jadx-classes ReceiverProbe defpackage.MultiFormalRawParam
jdk23/debug/RawOwnerChild/jar-contents	0	/Library/Java/JavaVirtualMachines/openjdk-23.0.1/Contents/Home/bin/jar tf /Users/lordcasser/workspace/projects/jarde/openspec/evidence/raw-receiver-field-selection-2026-10-09/jdk23/debug/input/RawOwnerChild.jar
jdk23/debug/RawOwnerChild/original-javac	0	/Library/Java/JavaVirtualMachines/openjdk-23.0.1/Contents/Home/bin/javac --release 8 -g -classpath /var/folders/gm/lzn3ylzx4lz7mx29lftngdz40000gn/T/jarde-raw-receiver-replay-zageoypk/empty-classpath -sourcepath /var/folders/gm/lzn3ylzx4lz7mx29lftngdz40000gn/T/jarde-raw-receiver-replay-zageoypk/empty-sourcepath -d /var/folders/gm/lzn3ylzx4lz7mx29lftngdz40000gn/T/jarde-raw-receiver-replay-zageoypk/original /Users/lordcasser/workspace/projects/jarde/openspec/evidence/raw-receiver-field-selection-2026-10-09/source/RawOwnerChild.java /Users/lordcasser/workspace/projects/jarde/openspec/evidence/raw-receiver-field-selection-2026-10-09/source/RawOwnerBase.java
jdk23/debug/RawOwnerChild/javap	0	/Library/Java/JavaVirtualMachines/openjdk-23.0.1/Contents/Home/bin/javap -p -c -s -v -classpath /Users/lordcasser/workspace/projects/jarde/openspec/evidence/raw-receiver-field-selection-2026-10-09/jdk23/debug/input/RawOwnerChild.jar RawOwnerChild
jdk23/debug/RawOwnerChild/original-probe-javac	0	/Library/Java/JavaVirtualMachines/openjdk-23.0.1/Contents/Home/bin/javac --release 8 -g -classpath /var/folders/gm/lzn3ylzx4lz7mx29lftngdz40000gn/T/jarde-raw-receiver-replay-zageoypk/empty-classpath -sourcepath /var/folders/gm/lzn3ylzx4lz7mx29lftngdz40000gn/T/jarde-raw-receiver-replay-zageoypk/empty-sourcepath -d /var/folders/gm/lzn3ylzx4lz7mx29lftngdz40000gn/T/jarde-raw-receiver-replay-zageoypk/original-probe /Users/lordcasser/workspace/projects/jarde/openspec/evidence/raw-receiver-field-selection-2026-10-09/source/ReceiverProbe.java
jdk23/debug/RawOwnerChild/original-run	0	/Library/Java/JavaVirtualMachines/openjdk-23.0.1/Contents/Home/bin/java -Xverify:all -cp /var/folders/gm/lzn3ylzx4lz7mx29lftngdz40000gn/T/jarde-raw-receiver-replay-zageoypk/original:/var/folders/gm/lzn3ylzx4lz7mx29lftngdz40000gn/T/jarde-raw-receiver-replay-zageoypk/original-probe ReceiverProbe RawOwnerChild
jdk23/debug/RawOwnerChild/jarde-RawOwnerChild	0	/private/tmp/jarde-generic-calls-candidate-v8-cli class-source --input /Users/lordcasser/workspace/projects/jarde/openspec/evidence/raw-receiver-field-selection-2026-10-09/jdk23/debug/input/RawOwnerChild.jar --class RawOwnerChild --policy plain-jar --release 8 --format text
jdk23/debug/RawOwnerChild/jarde-RawOwnerChild-source-header	0	nonempty self-describing source
jdk23/debug/RawOwnerChild/jarde-RawOwnerBase	0	/private/tmp/jarde-generic-calls-candidate-v8-cli class-source --input /Users/lordcasser/workspace/projects/jarde/openspec/evidence/raw-receiver-field-selection-2026-10-09/jdk23/debug/input/RawOwnerChild.jar --class RawOwnerBase --policy plain-jar --release 8 --format text
jdk23/debug/RawOwnerChild/jarde-RawOwnerBase-source-header	0	nonempty self-describing source
jdk23/debug/RawOwnerChild/jarde-javac	0	/Library/Java/JavaVirtualMachines/openjdk-23.0.1/Contents/Home/bin/javac --release 8 -g -classpath /var/folders/gm/lzn3ylzx4lz7mx29lftngdz40000gn/T/jarde-raw-receiver-replay-zageoypk/empty-classpath -sourcepath /var/folders/gm/lzn3ylzx4lz7mx29lftngdz40000gn/T/jarde-raw-receiver-replay-zageoypk/empty-sourcepath -d /var/folders/gm/lzn3ylzx4lz7mx29lftngdz40000gn/T/jarde-raw-receiver-replay-zageoypk/jarde-classes /Users/lordcasser/workspace/projects/jarde/openspec/changes/recover-same-class-generic-call-consumers/results/candidate/gc09-raw-64-candidate-v8/jdk23/debug/jarde/RawOwnerChild.java /Users/lordcasser/workspace/projects/jarde/openspec/changes/recover-same-class-generic-call-consumers/results/candidate/gc09-raw-64-candidate-v8/jdk23/debug/jarde/RawOwnerBase.java /Users/lordcasser/workspace/projects/jarde/openspec/evidence/raw-receiver-field-selection-2026-10-09/source/ReceiverProbe.java
jdk23/debug/RawOwnerChild/jarde-verify-run	0	/Library/Java/JavaVirtualMachines/openjdk-23.0.1/Contents/Home/bin/java -Xverify:all -cp /var/folders/gm/lzn3ylzx4lz7mx29lftngdz40000gn/T/jarde-raw-receiver-replay-zageoypk/jarde-classes ReceiverProbe RawOwnerChild
jdk23/debug/RawOwnerChild/jadx	0	/Users/lordcasser/workspace/testzone/jadx/jadx-cli/build/install/jadx/bin/jadx --no-res -d /Users/lordcasser/workspace/projects/jarde/openspec/changes/recover-same-class-generic-call-consumers/results/candidate/gc09-raw-64-candidate-v8/jdk23/debug/jadx/RawOwnerChild /Users/lordcasser/workspace/projects/jarde/openspec/evidence/raw-receiver-field-selection-2026-10-09/jdk23/debug/input/RawOwnerChild.jar
jdk23/debug/RawOwnerChild/jadx-source-header	0	nonempty class source
jdk23/debug/RawOwnerChild/jadx-javac	0	/Library/Java/JavaVirtualMachines/openjdk-23.0.1/Contents/Home/bin/javac --release 8 -g -classpath /var/folders/gm/lzn3ylzx4lz7mx29lftngdz40000gn/T/jarde-raw-receiver-replay-zageoypk/empty-classpath -sourcepath /var/folders/gm/lzn3ylzx4lz7mx29lftngdz40000gn/T/jarde-raw-receiver-replay-zageoypk/empty-sourcepath -d /var/folders/gm/lzn3ylzx4lz7mx29lftngdz40000gn/T/jarde-raw-receiver-replay-zageoypk/jadx-classes /Users/lordcasser/workspace/projects/jarde/openspec/changes/recover-same-class-generic-call-consumers/results/candidate/gc09-raw-64-candidate-v8/jdk23/debug/jadx/RawOwnerChild/sources/defpackage/RawOwnerBase.java /Users/lordcasser/workspace/projects/jarde/openspec/changes/recover-same-class-generic-call-consumers/results/candidate/gc09-raw-64-candidate-v8/jdk23/debug/jadx/RawOwnerChild/sources/defpackage/RawOwnerChild.java /Users/lordcasser/workspace/projects/jarde/openspec/evidence/raw-receiver-field-selection-2026-10-09/source/ReceiverProbe.java
jdk23/debug/RawOwnerChild/jadx-verify-run	0	/Library/Java/JavaVirtualMachines/openjdk-23.0.1/Contents/Home/bin/java -Xverify:all -cp /var/folders/gm/lzn3ylzx4lz7mx29lftngdz40000gn/T/jarde-raw-receiver-replay-zageoypk/jadx-classes ReceiverProbe defpackage.RawOwnerChild
jdk23/no-debug/RawOwnerChild/jar-contents	0	/Library/Java/JavaVirtualMachines/openjdk-23.0.1/Contents/Home/bin/jar tf /Users/lordcasser/workspace/projects/jarde/openspec/evidence/raw-receiver-field-selection-2026-10-09/jdk23/no-debug/input/RawOwnerChild.jar
jdk23/no-debug/RawOwnerChild/original-javac	0	/Library/Java/JavaVirtualMachines/openjdk-23.0.1/Contents/Home/bin/javac --release 8 -g:none -classpath /var/folders/gm/lzn3ylzx4lz7mx29lftngdz40000gn/T/jarde-raw-receiver-replay-x2zi_h96/empty-classpath -sourcepath /var/folders/gm/lzn3ylzx4lz7mx29lftngdz40000gn/T/jarde-raw-receiver-replay-x2zi_h96/empty-sourcepath -d /var/folders/gm/lzn3ylzx4lz7mx29lftngdz40000gn/T/jarde-raw-receiver-replay-x2zi_h96/original /Users/lordcasser/workspace/projects/jarde/openspec/evidence/raw-receiver-field-selection-2026-10-09/source/RawOwnerChild.java /Users/lordcasser/workspace/projects/jarde/openspec/evidence/raw-receiver-field-selection-2026-10-09/source/RawOwnerBase.java
jdk23/no-debug/RawOwnerChild/javap	0	/Library/Java/JavaVirtualMachines/openjdk-23.0.1/Contents/Home/bin/javap -p -c -s -v -classpath /Users/lordcasser/workspace/projects/jarde/openspec/evidence/raw-receiver-field-selection-2026-10-09/jdk23/no-debug/input/RawOwnerChild.jar RawOwnerChild
jdk23/no-debug/RawOwnerChild/original-probe-javac	0	/Library/Java/JavaVirtualMachines/openjdk-23.0.1/Contents/Home/bin/javac --release 8 -g:none -classpath /var/folders/gm/lzn3ylzx4lz7mx29lftngdz40000gn/T/jarde-raw-receiver-replay-x2zi_h96/empty-classpath -sourcepath /var/folders/gm/lzn3ylzx4lz7mx29lftngdz40000gn/T/jarde-raw-receiver-replay-x2zi_h96/empty-sourcepath -d /var/folders/gm/lzn3ylzx4lz7mx29lftngdz40000gn/T/jarde-raw-receiver-replay-x2zi_h96/original-probe /Users/lordcasser/workspace/projects/jarde/openspec/evidence/raw-receiver-field-selection-2026-10-09/source/ReceiverProbe.java
jdk23/no-debug/RawOwnerChild/original-run	0	/Library/Java/JavaVirtualMachines/openjdk-23.0.1/Contents/Home/bin/java -Xverify:all -cp /var/folders/gm/lzn3ylzx4lz7mx29lftngdz40000gn/T/jarde-raw-receiver-replay-x2zi_h96/original:/var/folders/gm/lzn3ylzx4lz7mx29lftngdz40000gn/T/jarde-raw-receiver-replay-x2zi_h96/original-probe ReceiverProbe RawOwnerChild
jdk23/no-debug/RawOwnerChild/jarde-RawOwnerChild	0	/private/tmp/jarde-generic-calls-candidate-v8-cli class-source --input /Users/lordcasser/workspace/projects/jarde/openspec/evidence/raw-receiver-field-selection-2026-10-09/jdk23/no-debug/input/RawOwnerChild.jar --class RawOwnerChild --policy plain-jar --release 8 --format text
jdk23/no-debug/RawOwnerChild/jarde-RawOwnerChild-source-header	0	nonempty self-describing source
jdk23/no-debug/RawOwnerChild/jarde-RawOwnerBase	0	/private/tmp/jarde-generic-calls-candidate-v8-cli class-source --input /Users/lordcasser/workspace/projects/jarde/openspec/evidence/raw-receiver-field-selection-2026-10-09/jdk23/no-debug/input/RawOwnerChild.jar --class RawOwnerBase --policy plain-jar --release 8 --format text
jdk23/no-debug/RawOwnerChild/jarde-RawOwnerBase-source-header	0	nonempty self-describing source
jdk23/no-debug/RawOwnerChild/jarde-javac	0	/Library/Java/JavaVirtualMachines/openjdk-23.0.1/Contents/Home/bin/javac --release 8 -g:none -classpath /var/folders/gm/lzn3ylzx4lz7mx29lftngdz40000gn/T/jarde-raw-receiver-replay-x2zi_h96/empty-classpath -sourcepath /var/folders/gm/lzn3ylzx4lz7mx29lftngdz40000gn/T/jarde-raw-receiver-replay-x2zi_h96/empty-sourcepath -d /var/folders/gm/lzn3ylzx4lz7mx29lftngdz40000gn/T/jarde-raw-receiver-replay-x2zi_h96/jarde-classes /Users/lordcasser/workspace/projects/jarde/openspec/changes/recover-same-class-generic-call-consumers/results/candidate/gc09-raw-64-candidate-v8/jdk23/no-debug/jarde/RawOwnerChild.java /Users/lordcasser/workspace/projects/jarde/openspec/changes/recover-same-class-generic-call-consumers/results/candidate/gc09-raw-64-candidate-v8/jdk23/no-debug/jarde/RawOwnerBase.java /Users/lordcasser/workspace/projects/jarde/openspec/evidence/raw-receiver-field-selection-2026-10-09/source/ReceiverProbe.java
jdk23/no-debug/RawOwnerChild/jarde-verify-run	0	/Library/Java/JavaVirtualMachines/openjdk-23.0.1/Contents/Home/bin/java -Xverify:all -cp /var/folders/gm/lzn3ylzx4lz7mx29lftngdz40000gn/T/jarde-raw-receiver-replay-x2zi_h96/jarde-classes ReceiverProbe RawOwnerChild
jdk23/no-debug/RawOwnerChild/jadx	0	/Users/lordcasser/workspace/testzone/jadx/jadx-cli/build/install/jadx/bin/jadx --no-res -d /Users/lordcasser/workspace/projects/jarde/openspec/changes/recover-same-class-generic-call-consumers/results/candidate/gc09-raw-64-candidate-v8/jdk23/no-debug/jadx/RawOwnerChild /Users/lordcasser/workspace/projects/jarde/openspec/evidence/raw-receiver-field-selection-2026-10-09/jdk23/no-debug/input/RawOwnerChild.jar
jdk23/no-debug/RawOwnerChild/jadx-source-header	0	nonempty class source
jdk23/no-debug/RawOwnerChild/jadx-javac	0	/Library/Java/JavaVirtualMachines/openjdk-23.0.1/Contents/Home/bin/javac --release 8 -g:none -classpath /var/folders/gm/lzn3ylzx4lz7mx29lftngdz40000gn/T/jarde-raw-receiver-replay-x2zi_h96/empty-classpath -sourcepath /var/folders/gm/lzn3ylzx4lz7mx29lftngdz40000gn/T/jarde-raw-receiver-replay-x2zi_h96/empty-sourcepath -d /var/folders/gm/lzn3ylzx4lz7mx29lftngdz40000gn/T/jarde-raw-receiver-replay-x2zi_h96/jadx-classes /Users/lordcasser/workspace/projects/jarde/openspec/changes/recover-same-class-generic-call-consumers/results/candidate/gc09-raw-64-candidate-v8/jdk23/no-debug/jadx/RawOwnerChild/sources/defpackage/RawOwnerBase.java /Users/lordcasser/workspace/projects/jarde/openspec/changes/recover-same-class-generic-call-consumers/results/candidate/gc09-raw-64-candidate-v8/jdk23/no-debug/jadx/RawOwnerChild/sources/defpackage/RawOwnerChild.java /Users/lordcasser/workspace/projects/jarde/openspec/evidence/raw-receiver-field-selection-2026-10-09/source/ReceiverProbe.java
jdk23/no-debug/RawOwnerChild/jadx-verify-run	0	/Library/Java/JavaVirtualMachines/openjdk-23.0.1/Contents/Home/bin/java -Xverify:all -cp /var/folders/gm/lzn3ylzx4lz7mx29lftngdz40000gn/T/jarde-raw-receiver-replay-x2zi_h96/jadx-classes ReceiverProbe defpackage.RawOwnerChild
